k	5.20	9.146	10.20	11.30	14.9	15.30	courses		skate	tshirts
0	1	1	1	1	1	1	1	1	1
1	1	1	1	1	1	1	1	1	1
2	1	1	1	1	1	1	1	1	1
3	1	1	1	1	1	1	1	1	1
4	0.95	1	1	1	1	1	1	1	1
5	0.938	1	1	1	1	1	1	1	1
6	0.9325	1	1	1	1	1	1	1	1
7	0.9185	1	1	1	1	1	1	1	1
8	0.913	0.9946575342	1	1	1	1	0.9952054795	1	1
9	0.9025	0.9929452055	0.968	1	1	1	0.992739726	1	1
10	0.8915	0.9921232877	0.9505	0.9846666667	1	1	0.9920547945	1	0.973
11	0.884	0.9918493151	0.945	0.97	1	1	0.9915068493	1	0.965
12	0.8695	0.991369863	0.944	0.9636666667	1	1	0.9910958904	1	0.963
13	0.859	0.990890411	0.9415	0.9626666667	0.9055555556	1	0.99	0.9433333333	0.9623333333
14	0.85	0.9903424658	0.941	0.962	0.8877777778	0.9783333333	0.988630137	0.9155555556	0.961
15	0.8365	0.9895205479	0.938	0.961	0.8811111111	0.9686666667	0.9871232877	0.8888888889	0.9593333333
16	0.827	0.9889041096	0.9365	0.9603333333	0.8788888889	0.9653333333	0.9850684932	0.88	0.9573333333
17	0.815	0.9882876712	0.9335	0.958	0.8777777778	0.964	0.9841780822	0.8755555556	0.955
18	0.8035	0.987739726	0.931	0.9556666667	0.8766666667	0.9633333333	0.9835616438	0.8744444444	0.952
19	0.7925	0.9873972603	0.9265	0.9536666667	0.8755555556	0.963	0.982739726	0.87	0.947
20	0.784	0.9870547945	0.922	0.9503333333	0.8744444444	0.9623333333	0.9817123288	0.8666666667	0.945
21	0.773	0.9866438356	0.9195	0.9483333333	0.8722222222	0.9616666667	0.9802054795	0.8622222222	0.9423333333
22	0.7625	0.986369863	0.9125	0.9446666667	0.87	0.9606666667	0.9793150685	0.8555555556	0.9393333333
23	0.744	0.9856849315	0.9075	0.941	0.8688888889	0.9593333333	0.9782191781	0.8455555556	0.9363333333
24	0.7315	0.9851369863	0.904	0.9393333333	0.8655555556	0.958	0.9768493151	0.83	0.9326666667
25	0.725	0.9845205479	0.8975	0.9363333333	0.8611111111	0.957	0.9759589041	0.8077777778	0.931
26	0.7145	0.9837671233	0.894	0.9343333333	0.8511111111	0.9553333333	0.975	0.7811111111	0.9286666667
27	0.7025	0.9828767123	0.8885	0.9293333333	0.8444444444	0.954	0.9739041096	0.7677777778	0.9266666667
28	0.696	0.9820547945	0.884	0.929	0.8411111111	0.953	0.9725342466	0.7611111111	0.9233333333
29	0.685	0.981369863	0.882	0.926	0.8311111111	0.9493333333	0.9715753425	0.7555555556	0.922
30	0.678	0.9802054795	0.878	0.9246666667	0.8222222222	0.948	0.9705479452	0.7511111111	0.919
31	0.671	0.9793835616	0.873	0.923	0.8166666667	0.9456666667	0.9697260274	0.7477777778	0.9163333333
32	0.6625	0.9786986301	0.871	0.9206666667	0.8077777778	0.942	0.9685616438	0.7411111111	0.9146666667
33	0.655	0.9776712329	0.867	0.9183333333	0.8011111111	0.939	0.9671917808	0.7344444444	0.9133333333
34	0.646	0.9773972603	0.864	0.9166666667	0.8	0.9353333333	0.9659589041	0.7255555556	0.91
35	0.6335	0.9769863014	0.8635	0.914	0.7933333333	0.9336666667	0.9649315068	0.7111111111	0.908
36	0.619	0.9756164384	0.8605	0.9126666667	0.79	0.9326666667	0.9639726027	0.6922222222	0.9053333333
37	0.608	0.9750684932	0.8585	0.9083333333	0.7866666667	0.932	0.9629452055	0.6777777778	0.9
38	0.5945	0.9738356164	0.8525	0.9066666667	0.7811111111	0.931	0.9618493151	0.66	0.8966666667
39	0.586	0.9733561644	0.849	0.9046666667	0.78	0.9283333333	0.9609589041	0.6466666667	0.8933333333
40	0.575	0.9730136986	0.8425	0.9023333333	0.7744444444	0.9273333333	0.9592465753	0.6411111111	0.8893333333
41	0.5685	0.9725342466	0.84	0.8993333333	0.77	0.9236666667	0.9576712329	0.6355555556	0.8866666667
42	0.5585	0.9718493151	0.8355	0.898	0.7566666667	0.9226666667	0.9568493151	0.63	0.8836666667
43	0.5505	0.9710273973	0.8305	0.894	0.75	0.9213333333	0.9560273973	0.6233333333	0.88
44	0.5415	0.9699315068	0.8265	0.8923333333	0.7422222222	0.92	0.9551369863	0.6166666667	0.8773333333
45	0.531	0.9693835616	0.823	0.889	0.7344444444	0.9176666667	0.9540410959	0.6077777778	0.8743333333
46	0.5215	0.9689041096	0.816	0.8873333333	0.73	0.9166666667	0.9528767123	0.5977777778	0.873
47	0.511	0.9680821918	0.8135	0.8836666667	0.7277777778	0.9156666667	0.9520547945	0.5811111111	0.8726666667
48	0.501	0.9669863014	0.81	0.8813333333	0.7211111111	0.913	0.9502739726	0.5622222222	0.871
49	0.496	0.9662328767	0.8055	0.879	0.7144444444	0.9113333333	0.949109589	0.5488888889	0.8696666667
50	0.4905	0.965890411	0.804	0.8776666667	0.7066666667	0.911	0.9482191781	0.5388888889	0.866
51	0.479	0.9649315068	0.799	0.8756666667	0.7	0.9086666667	0.947260274	0.5322222222	0.863
52	0.473	0.9639726027	0.7965	0.874	0.6988888889	0.907	0.946369863	0.5222222222	0.862
53	0.4685	0.9633561644	0.7915	0.8713333333	0.6955555556	0.905	0.9454109589	0.5155555556	0.8603333333
54	0.456	0.9628767123	0.787	0.8683333333	0.69	0.9026666667	0.9445890411	0.5088888889	0.859
55	0.4475	0.9620547945	0.7815	0.8656666667	0.6866666667	0.9003333333	0.943630137	0.5022222222	0.8566666667
56	0.4385	0.961369863	0.7785	0.864	0.6855555556	0.8983333333	0.9419178082	0.4911111111	0.8523333333
57	0.4315	0.9608219178	0.7745	0.8633333333	0.6766666667	0.896	0.9408219178	0.4811111111	0.8503333333
58	0.425	0.9606164384	0.773	0.862	0.6733333333	0.8953333333	0.9398630137	0.4688888889	0.848
59	0.4225	0.96	0.7715	0.8593333333	0.67	0.894	0.9386986301	0.4555555556	0.8443333333
60	0.415	0.9595205479	0.769	0.856	0.6633333333	0.8926666667	0.9376712329	0.4411111111	0.8413333333
61	0.405	0.9589041096	0.767	0.8523333333	0.6533333333	0.8886666667	0.9365753425	0.43	0.8366666667
62	0.4025	0.9584246575	0.766	0.851	0.6488888889	0.8856666667	0.9354109589	0.42	0.834
63	0.3965	0.9573287671	0.7645	0.85	0.6466666667	0.884	0.9343835616	0.4111111111	0.8303333333
64	0.391	0.9560958904	0.7625	0.849	0.6433333333	0.883	0.9328767123	0.4033333333	0.8273333333
65	0.384	0.9551369863	0.758	0.8476666667	0.6377777778	0.8823333333	0.9319178082	0.3944444444	0.825
66	0.3715	0.9542465753	0.7535	0.8463333333	0.6311111111	0.881	0.9309589041	0.3844444444	0.823
67	0.361	0.9532876712	0.749	0.8443333333	0.6288888889	0.88	0.9299315068	0.3755555556	0.8196666667
68	0.3485	0.9528082192	0.7405	0.844	0.6266666667	0.8793333333	0.9288356164	0.3644444444	0.8186666667
69	0.3395	0.9521917808	0.737	0.841	0.6211111111	0.8786666667	0.9278767123	0.35	0.8173333333
70	0.329	0.9517808219	0.735	0.8393333333	0.6122222222	0.877	0.9266438356	0.3377777778	0.813
71	0.317	0.9515068493	0.7315	0.8356666667	0.61	0.873	0.9255479452	0.3244444444	0.8113333333
72	0.3025	0.9504794521	0.7285	0.83	0.6022222222	0.8713333333	0.9244520548	0.3155555556	0.8093333333
73	0.2945	0.9502054795	0.7265	0.8276666667	0.5933333333	0.8676666667	0.9233561644	0.3066666667	0.808
74	0.286	0.949109589	0.7235	0.8243333333	0.59	0.8653333333	0.9223972603	0.3	0.8036666667
75	0.275	0.9484246575	0.721	0.8223333333	0.5877777778	0.8633333333	0.9214383562	0.2911111111	0.8013333333
76	0.2685	0.9478082192	0.717	0.8206666667	0.5855555556	0.8616666667	0.9203424658	0.2844444444	0.8003333333
77	0.2605	0.9467123288	0.7125	0.8186666667	0.5844444444	0.8596666667	0.9193835616	0.2744444444	0.796
78	0.2485	0.9461643836	0.709	0.818	0.5822222222	0.8583333333	0.9184931507	0.2611111111	0.7943333333
79	0.2435	0.9456164384	0.705	0.815	0.5733333333	0.8563333333	0.9176027397	0.2488888889	0.7913333333
80	0.235	0.9450684932	0.7005	0.814	0.5655555556	0.8543333333	0.9164383562	0.2377777778	0.787
81	0.2235	0.9441780822	0.6985	0.8126666667	0.5633333333	0.852	0.9152054795	0.2222222222	0.7853333333
82	0.217	0.9436986301	0.6955	0.81	0.5622222222	0.851	0.9142465753	0.2111111111	0.7833333333
83	0.2095	0.9431506849	0.692	0.8076666667	0.5588888889	0.8503333333	0.9132876712	0.2022222222	0.7773333333
84	0.2035	0.9426712329	0.6915	0.8063333333	0.5566666667	0.8486666667	0.912260274	0.1933333333	0.7753333333
85	0.196	0.9419178082	0.686	0.8036666667	0.5544444444	0.8476666667	0.9113013699	0.1866666667	0.7723333333
86	0.1865	0.941369863	0.683	0.801	0.5522222222	0.8446666667	0.9102054795	0.18	0.768
87	0.1785	0.9408219178	0.6805	0.7966666667	0.5433333333	0.8423333333	0.9092465753	0.1733333333	0.7653333333
88	0.174	0.9399315068	0.6775	0.792	0.5388888889	0.841	0.9078767123	0.1644444444	0.7636666667
89	0.1685	0.9395205479	0.675	0.7906666667	0.5355555556	0.8396666667	0.9068493151	0.1544444444	0.7616666667
90	0.1625	0.9390410959	0.672	0.7876666667	0.5344444444	0.8386666667	0.905890411	0.1433333333	0.7583333333
91	0.1585	0.938630137	0.667	0.7866666667	0.5288888889	0.838	0.9047945205	0.1288888889	0.7553333333
92	0.1525	0.9373972603	0.6645	0.7853333333	0.5244444444	0.8373333333	0.9038356164	0.1133333333	0.7523333333
93	0.1475	0.9367808219	0.661	0.7836666667	0.5222222222	0.8353333333	0.902739726	0.1022222222	0.75
94	0.141	0.936369863	0.6575	0.779	0.5188888889	0.835	0.9015753425	0.09	0.7476666667
95	0.136	0.9363013699	0.654	0.7776666667	0.5166666667	0.832	0.9003424658	0.0822222222	0.7436666667
96	0.131	0.9356164384	0.6515	0.776	0.5111111111	0.83	0.8991780822	0.0744444444	0.74
97	0.124	0.9348630137	0.65	0.7746666667	0.5066666667	0.8276666667	0.8980136986	0.0655555556	0.7366666667
98	0.1185	0.9343150685	0.649	0.7716666667	0.5044444444	0.8243333333	0.8971232877	0.0577777778	0.734
99	0.1125	0.9333561644	0.646	0.768	0.5	0.8233333333	0.8960958904	0.05	0.733
100	0.1085	0.9321232877	0.644	0.7643333333	0.4966666667	0.8216666667	0.8951369863	0.0422222222	0.7313333333
101	0.105	0.9311643836	0.641	0.763	0.4933333333	0.8206666667	0.8939726027	0.0311111111	0.7263333333
102	0.1	0.9309589041	0.6385	0.761	0.4922222222	0.8196666667	0.8928082192	0.0211111111	0.7246666667
103	0.0965	0.9306849315	0.6355	0.7573333333	0.4855555556	0.819	0.8917808219	0.0122222222	0.7216666667
104	0.09	0.9298630137	0.634	0.7546666667	0.4822222222	0.8176666667	0.8906849315	0.0033333333	0.7183333333
105	0.0875	0.9293835616	0.631	0.7516666667	0.48	0.8163333333	0.8895205479	0.0022222222	0.7166666667
106	0.081	0.928630137	0.628	0.75	0.4777777778	0.8143333333	0.8884931507	0.0011111111	0.7133333333
107	0.0805	0.9278082192	0.6245	0.7493333333	0.4744444444	0.814	0.8876027397	0	0.7116666667
108	0.077	0.9271917808	0.623	0.7473333333	0.4722222222	0.81	0.8867123288	0	0.7103333333
109	0.071	0.9265753425	0.6185	0.745	0.4688888889	0.809	0.8856164384	0	0.7073333333
110	0.0655	0.9254109589	0.6155	0.744	0.4655555556	0.8083333333	0.8846575342	0	0.706
111	0.0645	0.9250684932	0.61	0.741	0.4633333333	0.8083333333	0.8837671233	0	0.703
112	0.0625	0.9247945205	0.6065	0.738	0.4611111111	0.806	0.8824657534	0	0.701
113	0.0605	0.9245205479	0.6045	0.7363333333	0.4588888889	0.8033333333	0.8814383562	0	0.699
114	0.0585	0.923630137	0.6035	0.733	0.4533333333	0.8013333333	0.8803424658	0	0.6963333333
115	0.056	0.9228767123	0.599	0.7313333333	0.4522222222	0.7996666667	0.8794520548	0	0.6936666667
116	0.0545	0.9217808219	0.5955	0.7306666667	0.4455555556	0.797	0.8783561644	0	0.6906666667
117	0.051	0.9210958904	0.593	0.729	0.44	0.7926666667	0.8774657534	0	0.6883333333
118	0.049	0.9204794521	0.5885	0.7266666667	0.4377777778	0.7913333333	0.8765068493	0	0.6866666667
119	0.047	0.9201369863	0.5855	0.7246666667	0.4322222222	0.7903333333	0.8755479452	0	0.683
120	0.0425	0.9195890411	0.581	0.7223333333	0.4277777778	0.7886666667	0.8743835616	0	0.6816666667
121	0.04	0.9189041096	0.5775	0.7206666667	0.4255555556	0.7873333333	0.8731506849	0	0.68
122	0.0375	0.9183561644	0.5735	0.7186666667	0.4222222222	0.7856666667	0.8721232877	0	0.6793333333
123	0.037	0.917739726	0.5715	0.7166666667	0.4166666667	0.7843333333	0.8711643836	0	0.6783333333
124	0.0345	0.9174657534	0.568	0.7116666667	0.4133333333	0.7833333333	0.8701369863	0	0.6773333333
125	0.0325	0.9167808219	0.565	0.711	0.41	0.7816666667	0.8691780822	0	0.6746666667
126	0.03	0.9157534247	0.563	0.71	0.4077777778	0.7796666667	0.8678767123	0	0.673
127	0.03	0.9153424658	0.5605	0.7063333333	0.4055555556	0.7776666667	0.8668493151	0	0.6716666667
128	0.028	0.9142465753	0.558	0.7056666667	0.4033333333	0.7753333333	0.8656849315	0	0.6676666667
129	0.0255	0.9139041096	0.5535	0.7016666667	0.4011111111	0.7736666667	0.8645205479	0	0.6663333333
130	0.0245	0.9137671233	0.548	0.7003333333	0.4	0.773	0.8634246575	0	0.6656666667
131	0.023	0.9128082192	0.546	0.6983333333	0.3966666667	0.7706666667	0.8623972603	0	0.661
132	0.021	0.9123972603	0.543	0.6966666667	0.3911111111	0.7696666667	0.8615068493	0	0.6566666667
133	0.021	0.9119863014	0.54	0.696	0.3888888889	0.7673333333	0.8605479452	0	0.6543333333
134	0.0205	0.9113013699	0.537	0.6946666667	0.3877777778	0.7656666667	0.8593150685	0	0.6523333333
135	0.02	0.9108219178	0.5355	0.693	0.3844444444	0.765	0.8582876712	0	0.6493333333
136	0.02	0.9098630137	0.534	0.691	0.3822222222	0.763	0.857260274	0	0.6473333333
137	0.0195	0.9087671233	0.532	0.688	0.38	0.7606666667	0.8560958904	0	0.645
138	0.0185	0.9084246575	0.529	0.6853333333	0.3766666667	0.759	0.8549315068	0	0.6416666667
139	0.0175	0.9078767123	0.527	0.683	0.3755555556	0.757	0.8539726027	0	0.6406666667
140	0.017	0.9068493151	0.525	0.6816666667	0.3711111111	0.755	0.8530136986	0	0.639
141	0.0155	0.9063013699	0.522	0.6793333333	0.3688888889	0.7533333333	0.8519863014	0	0.6376666667
142	0.0155	0.9055479452	0.5175	0.6786666667	0.3655555556	0.752	0.8508219178	0	0.6353333333
143	0.015	0.905	0.512	0.6753333333	0.3611111111	0.7513333333	0.8500684932	0	0.6323333333
144	0.0145	0.9045890411	0.5065	0.673	0.3577777778	0.7513333333	0.8489041096	0	0.631
145	0.014	0.9037671233	0.5005	0.671	0.3555555556	0.7493333333	0.8476027397	0	0.6276666667
146	0.013	0.9034931507	0.497	0.6666666667	0.3544444444	0.7476666667	0.8466438356	0	0.6266666667
147	0.0125	0.9028082192	0.4935	0.6643333333	0.3511111111	0.7446666667	0.8456849315	0	0.625
148	0.0115	0.9013013699	0.4905	0.6636666667	0.3477777778	0.7423333333	0.8446575342	0	0.6236666667
149	0.0115	0.9003424658	0.488	0.6606666667	0.3433333333	0.741	0.843630137	0	0.6216666667
150	0.011	0.9	0.4855	0.658	0.34	0.7396666667	0.8425342466	0	0.6196666667
151	0.01	0.8995890411	0.4835	0.6533333333	0.3377777778	0.738	0.8416438356	0	0.618
152	0.01	0.898630137	0.479	0.65	0.3355555556	0.7353333333	0.8405479452	0	0.6143333333
153	0.01	0.8978767123	0.478	0.6483333333	0.3333333333	0.7326666667	0.8394520548	0	0.6123333333
154	0.009	0.8971917808	0.4765	0.646	0.3277777778	0.7306666667	0.8384246575	0	0.6096666667
155	0.0075	0.8964383562	0.475	0.6433333333	0.3255555556	0.729	0.8374657534	0	0.6066666667
156	0.007	0.8956164384	0.474	0.6423333333	0.3233333333	0.7273333333	0.8365753425	0	0.6046666667
157	0.0065	0.8948630137	0.472	0.6413333333	0.3211111111	0.726	0.8355479452	0	0.6013333333
158	0.0055	0.8943150685	0.4685	0.6403333333	0.3188888889	0.7253333333	0.8342465753	0	0.6
159	0.0055	0.8933561644	0.466	0.639	0.3177777778	0.724	0.8332191781	0	0.597
160	0.0045	0.8923972603	0.462	0.6376666667	0.3144444444	0.7226666667	0.8320547945	0	0.595
161	0.0045	0.8919178082	0.46	0.6373333333	0.3111111111	0.7216666667	0.830890411	0	0.5926666667
162	0.0045	0.8910273973	0.4585	0.6343333333	0.31	0.7206666667	0.8298630137	0	0.5913333333
163	0.0045	0.8906164384	0.457	0.6323333333	0.3088888889	0.7186666667	0.8288356164	0	0.5906666667
164	0.0045	0.8904109589	0.4545	0.6316666667	0.3044444444	0.7166666667	0.8278767123	0	0.5883333333
165	0.0045	0.8899315068	0.4505	0.6273333333	0.3033333333	0.7136666667	0.8269863014	0	0.5863333333
166	0.0045	0.8893150685	0.45	0.6263333333	0.3022222222	0.7123333333	0.8257534247	0	0.584
167	0.0045	0.8880821918	0.447	0.625	0.2966666667	0.712	0.8247260274	0	0.5813333333
168	0.0045	0.8876712329	0.445	0.6243333333	0.29	0.711	0.8236986301	0	0.5783333333
169	0.0045	0.8873287671	0.442	0.6226666667	0.2866666667	0.7103333333	0.8224657534	0	0.576
170	0.0045	0.8867123288	0.4395	0.6183333333	0.2855555556	0.7093333333	0.821369863	0	0.5736666667
171	0.0045	0.8858219178	0.437	0.6166666667	0.2822222222	0.7066666667	0.8205479452	0	0.5726666667
172	0.0045	0.8848630137	0.435	0.615	0.2788888889	0.704	0.8196575342	0	0.571
173	0.003	0.8842465753	0.4295	0.6136666667	0.2766666667	0.7016666667	0.8185616438	0	0.5693333333
174	0.003	0.8835616438	0.428	0.6103333333	0.2755555556	0.699	0.8174657534	0	0.568
175	0.0025	0.8826712329	0.4245	0.6086666667	0.2744444444	0.6973333333	0.8165068493	0	0.566
176	0.002	0.8821917808	0.423	0.6073333333	0.2733333333	0.695	0.8153424658	0	0.5643333333
177	0.0015	0.8809589041	0.42	0.6053333333	0.2722222222	0.6916666667	0.8142465753	0	0.562
178	0.001	0.8802739726	0.4185	0.6043333333	0.27	0.6903333333	0.8130821918	0	0.56
179	0.001	0.8790410959	0.417	0.602	0.2666666667	0.6896666667	0.8120547945	0	0.5573333333
180	0.001	0.8785616438	0.4145	0.5983333333	0.2633333333	0.6883333333	0.8110273973	0	0.5546666667
181	0.001	0.8776712329	0.409	0.598	0.26	0.6866666667	0.8100684932	0	0.5526666667
182	0.001	0.8767808219	0.406	0.5943333333	0.2555555556	0.6856666667	0.8089726027	0	0.551
183	0.001	0.876369863	0.405	0.5916666667	0.2533333333	0.6843333333	0.8079452055	0	0.549
184	0.001	0.8755479452	0.4035	0.591	0.2511111111	0.6823333333	0.8067123288	0	0.548
185	0.001	0.8745890411	0.4015	0.5876666667	0.2466666667	0.679	0.8056849315	0	0.547
186	0.001	0.8735616438	0.399	0.5863333333	0.2444444444	0.6786666667	0.8045205479	0	0.544
187	0.0005	0.8731506849	0.3965	0.5853333333	0.2411111111	0.6773333333	0.8034931507	0	0.5426666667
188	0.0005	0.8724657534	0.393	0.5843333333	0.2377777778	0.676	0.8024657534	0	0.5376666667
189	0.0005	0.8719178082	0.39	0.5823333333	0.2377777778	0.6746666667	0.8013013699	0	0.5346666667
190	0.0005	0.8712328767	0.387	0.582	0.2366666667	0.6736666667	0.8002739726	0	0.5326666667
191	0	0.8708219178	0.3855	0.5806666667	0.2344444444	0.6733333333	0.7992465753	0	0.5306666667
192	0	0.8706849315	0.384	0.58	0.2322222222	0.671	0.7980821918	0	0.528
193	0	0.8700684932	0.379	0.578	0.2311111111	0.6693333333	0.7969178082	0	0.5266666667
194	0	0.8692465753	0.377	0.576	0.23	0.6663333333	0.7957534247	0	0.5243333333
195	0	0.8686986301	0.3745	0.572	0.2277777778	0.6646666667	0.7947260274	0	0.5233333333
196	0	0.867739726	0.3735	0.5706666667	0.2211111111	0.6636666667	0.7936986301	0	0.522
197	0	0.8668493151	0.3725	0.5703333333	0.2188888889	0.663	0.792739726	0	0.52
198	0	0.866369863	0.37	0.5686666667	0.2155555556	0.662	0.7919178082	0	0.518
199	0	0.8658219178	0.368	0.567	0.2144444444	0.66	0.790890411	0	0.5166666667
200	0	0.8652054795	0.3665	0.5663333333	0.2111111111	0.6573333333	0.7897945205	0	0.5136666667
201	0	0.8640410959	0.3625	0.5653333333	0.2088888889	0.656	0.7887671233	0	0.511
202	0	0.8631506849	0.3585	0.564	0.2088888889	0.6546666667	0.7874657534	0	0.509
203	0	0.8626027397	0.357	0.5623333333	0.2088888889	0.6536666667	0.7865068493	0	0.5066666667
204	0	0.8619178082	0.353	0.5606666667	0.2077777778	0.653	0.7854794521	0	0.5043333333
205	0	0.8615068493	0.35	0.556	0.2055555556	0.6513333333	0.7843150685	0	0.5033333333
206	0	0.860890411	0.349	0.5543333333	0.2044444444	0.6503333333	0.7834931507	0	0.4996666667
207	0	0.8601369863	0.3465	0.553	0.2022222222	0.6496666667	0.7823972603	0	0.4966666667
208	0	0.8597945205	0.343	0.5516666667	0.1988888889	0.647	0.7813013699	0	0.4943333333
209	0	0.8587671233	0.339	0.549	0.1977777778	0.6453333333	0.7802739726	0	0.493
210	0	0.8584246575	0.3375	0.5466666667	0.1966666667	0.6443333333	0.7790410959	0	0.491
211	0	0.8581506849	0.3355	0.544	0.1922222222	0.6423333333	0.7780136986	0	0.4876666667
212	0	0.8575342466	0.3325	0.54	0.1911111111	0.6406666667	0.7769178082	0	0.4846666667
213	0	0.8569863014	0.329	0.5393333333	0.1833333333	0.6393333333	0.7757534247	0	0.4816666667
214	0	0.8564383562	0.3275	0.5376666667	0.1788888889	0.6383333333	0.7749315068	0	0.4796666667
215	0	0.8556849315	0.325	0.5366666667	0.1777777778	0.6376666667	0.7739041096	0	0.4763333333
216	0	0.855	0.323	0.5346666667	0.1744444444	0.6373333333	0.7728082192	0	0.4733333333
217	0	0.8542465753	0.321	0.5326666667	0.1722222222	0.6346666667	0.7717808219	0	0.4716666667
218	0	0.8534931507	0.319	0.5306666667	0.1677777778	0.633	0.7706849315	0	0.4686666667
219	0	0.8528767123	0.3155	0.529	0.1633333333	0.6316666667	0.7697260274	0	0.467
220	0	0.8526712329	0.314	0.5256666667	0.1611111111	0.63	0.768630137	0	0.4646666667
221	0	0.8523287671	0.3125	0.5236666667	0.16	0.629	0.7674657534	0	0.463
222	0	0.8514383562	0.3105	0.5233333333	0.1577777778	0.6256666667	0.7665753425	0	0.4616666667
223	0	0.8510958904	0.3085	0.521	0.1533333333	0.6246666667	0.7654794521	0	0.459
224	0	0.8504794521	0.3075	0.52	0.15	0.623	0.7643150685	0	0.4566666667
225	0	0.8497260274	0.3045	0.5186666667	0.1477777778	0.621	0.7633561644	0	0.454
226	0	0.848630137	0.303	0.5153333333	0.1466666667	0.6196666667	0.7623972603	0	0.4523333333
227	0	0.8480821918	0.3015	0.5143333333	0.1433333333	0.6183333333	0.7613013699	0	0.4506666667
228	0	0.847260274	0.2995	0.514	0.1388888889	0.6156666667	0.7602054795	0	0.4496666667
229	0	0.8465753425	0.297	0.5123333333	0.1366666667	0.6146666667	0.7591780822	0	0.4483333333
230	0	0.8462328767	0.295	0.5116666667	0.1355555556	0.6136666667	0.7581506849	0	0.4476666667
231	0	0.8457534247	0.293	0.5103333333	0.1344444444	0.6123333333	0.7569863014	0	0.4456666667
232	0	0.8452739726	0.291	0.5043333333	0.1333333333	0.6113333333	0.755890411	0	0.443
233	0	0.8449315068	0.288	0.5033333333	0.1311111111	0.6103333333	0.7548630137	0	0.441
234	0	0.8443835616	0.287	0.5026666667	0.1288888889	0.6073333333	0.753630137	0	0.438
235	0	0.8432876712	0.2845	0.5013333333	0.1277777778	0.6063333333	0.7526712329	0	0.4353333333
236	0	0.8429452055	0.2815	0.4996666667	0.1266666667	0.6056666667	0.7515753425	0	0.4326666667
237	0	0.8424657534	0.2795	0.498	0.1244444444	0.6053333333	0.7504109589	0	0.43
238	0	0.8415753425	0.278	0.4973333333	0.1233333333	0.6046666667	0.7494520548	0	0.4276666667
239	0	0.840890411	0.278	0.497	0.1211111111	0.6036666667	0.7482876712	0	0.426
240	0	0.8402739726	0.2755	0.4956666667	0.12	0.6026666667	0.7471917808	0	0.4253333333
241	0	0.8395205479	0.2725	0.494	0.1188888889	0.6013333333	0.7462328767	0	0.4236666667
242	0	0.8391780822	0.2695	0.4913333333	0.1177777778	0.6003333333	0.745	0	0.422
243	0	0.8385616438	0.267	0.4893333333	0.1166666667	0.5993333333	0.7439726027	0	0.4206666667
244	0	0.8380136986	0.264	0.4876666667	0.1166666667	0.5976666667	0.7428767123	0	0.4183333333
245	0	0.8376027397	0.2625	0.4863333333	0.1144444444	0.5953333333	0.7418493151	0	0.4166666667
246	0	0.8368493151	0.262	0.4843333333	0.1133333333	0.595	0.7408219178	0	0.4153333333
247	0	0.8364383562	0.26	0.4836666667	0.1122222222	0.5926666667	0.7398630137	0	0.414
248	0	0.835890411	0.2575	0.4823333333	0.1111111111	0.592	0.7387671233	0	0.4123333333
249	0	0.8351369863	0.2565	0.4806666667	0.1077777778	0.5916666667	0.7378082192	0	0.4103333333
250	0	0.8345205479	0.255	0.4786666667	0.1077777778	0.59	0.7365068493	0	0.407
251	0	0.8341780822	0.253	0.477	0.1066666667	0.587	0.7355479452	0	0.406
252	0	0.8334931507	0.252	0.4753333333	0.1033333333	0.5853333333	0.7344520548	0	0.4043333333
253	0	0.8325342466	0.2505	0.472	0.1022222222	0.5836666667	0.7333561644	0	0.402
254	0	0.8317123288	0.249	0.4706666667	0.1	0.5836666667	0.7324657534	0	0.4
255	0	0.8308219178	0.2475	0.4696666667	0.0988888889	0.5823333333	0.7315753425	0	0.3986666667
256	0	0.8301369863	0.245	0.4676666667	0.0955555556	0.5806666667	0.7305479452	0	0.3973333333
257	0	0.8295890411	0.2435	0.465	0.0944444444	0.5796666667	0.7295890411	0	0.3966666667
258	0	0.829109589	0.24	0.4633333333	0.0944444444	0.579	0.7282876712	0	0.395
259	0	0.8285616438	0.238	0.462	0.0922222222	0.578	0.727260274	0	0.3923333333
260	0	0.8282191781	0.237	0.4613333333	0.0911111111	0.5756666667	0.726369863	0	0.3913333333
261	0	0.8279452055	0.233	0.4606666667	0.09	0.5736666667	0.7251369863	0	0.39
262	0	0.8276712329	0.232	0.459	0.09	0.5723333333	0.7240410959	0	0.388
263	0	0.8268493151	0.2295	0.458	0.09	0.572	0.7230136986	0	0.3856666667
264	0	0.8259589041	0.2275	0.4563333333	0.09	0.571	0.7219178082	0	0.384
265	0	0.8254109589	0.225	0.4553333333	0.09	0.57	0.7209589041	0	0.383
266	0	0.8250684932	0.2235	0.4536666667	0.0877777778	0.5693333333	0.7196575342	0	0.3816666667
267	0	0.8241780822	0.2205	0.4523333333	0.0877777778	0.568	0.718630137	0	0.381
268	0	0.823630137	0.2175	0.4503333333	0.0877777778	0.567	0.7176712329	0	0.3796666667
269	0	0.8221232877	0.215	0.448	0.0877777778	0.5656666667	0.7165753425	0	0.378
270	0	0.8217123288	0.214	0.4473333333	0.0855555556	0.5646666667	0.7155479452	0	0.3766666667
271	0	0.820890411	0.2115	0.4466666667	0.0855555556	0.564	0.7145890411	0	0.3753333333
272	0	0.8206164384	0.209	0.4446666667	0.0855555556	0.561	0.7134931507	0	0.375
273	0	0.8205479452	0.206	0.4433333333	0.0844444444	0.56	0.7125342466	0	0.3733333333
274	0	0.82	0.2035	0.443	0.0844444444	0.5586666667	0.7112328767	0	0.3716666667
275	0	0.8192465753	0.202	0.442	0.0833333333	0.5563333333	0.7103424658	0	0.3703333333
276	0	0.8184931507	0.2005	0.4403333333	0.0822222222	0.5553333333	0.7093150685	0	0.3683333333
277	0	0.8181506849	0.199	0.4386666667	0.0822222222	0.5546666667	0.7082876712	0	0.3673333333
278	0	0.8175342466	0.198	0.4373333333	0.0811111111	0.551	0.7071917808	0	0.3663333333
279	0	0.8164383562	0.196	0.4366666667	0.08	0.5496666667	0.7062328767	0	0.3653333333
280	0	0.8160273973	0.1935	0.435	0.0788888889	0.5483333333	0.7052054795	0	0.3643333333
281	0	0.8154109589	0.1885	0.4343333333	0.0777777778	0.548	0.7041780822	0	0.3623333333
282	0	0.8139726027	0.1875	0.4333333333	0.0777777778	0.5463333333	0.7030136986	0	0.3616666667
283	0	0.8130136986	0.186	0.432	0.0777777778	0.5456666667	0.7019863014	0	0.3606666667
284	0	0.8121917808	0.184	0.4306666667	0.0766666667	0.545	0.7009589041	0	0.3596666667
285	0	0.8116438356	0.1825	0.4286666667	0.0766666667	0.5443333333	0.6997945205	0	0.358
286	0	0.8111643836	0.1805	0.4253333333	0.0766666667	0.544	0.6988356164	0	0.3563333333
287	0	0.8106164384	0.1785	0.425	0.0755555556	0.5423333333	0.6980136986	0	0.3556666667
288	0	0.8100684932	0.1775	0.4243333333	0.0755555556	0.541	0.6969863014	0	0.3536666667
289	0	0.8098630137	0.1765	0.422	0.0755555556	0.5393333333	0.6959589041	0	0.3526666667
290	0	0.8094520548	0.1755	0.4203333333	0.0755555556	0.5376666667	0.6947945205	0	0.352
291	0	0.8086986301	0.1735	0.418	0.0744444444	0.537	0.6936986301	0	0.3496666667
292	0	0.8080821918	0.1715	0.4166666667	0.0733333333	0.5356666667	0.692739726	0	0.347
293	0	0.8069863014	0.17	0.415	0.0733333333	0.535	0.6916438356	0	0.3456666667
294	0	0.8064383562	0.1685	0.413	0.0733333333	0.5346666667	0.6907534247	0	0.3436666667
295	0	0.8057534247	0.167	0.4113333333	0.0722222222	0.5333333333	0.6897945205	0	0.343
296	0	0.8047260274	0.1645	0.4103333333	0.0711111111	0.5323333333	0.6887671233	0	0.3413333333
297	0	0.8042465753	0.1625	0.4093333333	0.0711111111	0.5316666667	0.687739726	0	0.3393333333
298	0	0.8036986301	0.1595	0.4083333333	0.07	0.5293333333	0.6864383562	0	0.3376666667
299	0	0.8026712329	0.1585	0.4076666667	0.07	0.5286666667	0.6854109589	0	0.3363333333
300	0	0.8021232877	0.157	0.406	0.07	0.5273333333	0.6844520548	0	0.3353333333
301	0	0.8017808219	0.155	0.4043333333	0.0688888889	0.5256666667	0.6832876712	0	0.3336666667
302	0	0.8013013699	0.153	0.402	0.0688888889	0.5243333333	0.6823287671	0	0.332
303	0	0.8011643836	0.1515	0.4	0.0688888889	0.5233333333	0.6813013699	0	0.3313333333
304	0	0.8002054795	0.1495	0.3986666667	0.0688888889	0.522	0.6802739726	0	0.3296666667
305	0	0.7992465753	0.1485	0.3973333333	0.0688888889	0.5203333333	0.679109589	0	0.329
306	0	0.7988356164	0.147	0.3953333333	0.0688888889	0.5183333333	0.6780136986	0	0.3283333333
307	0	0.7984931507	0.146	0.3946666667	0.0677777778	0.517	0.6768493151	0	0.3266666667
308	0	0.7982191781	0.1435	0.3936666667	0.0677777778	0.5163333333	0.6758219178	0	0.325
309	0	0.797260274	0.143	0.393	0.0666666667	0.515	0.6748630137	0	0.324
310	0	0.7967123288	0.1405	0.3926666667	0.0666666667	0.5143333333	0.6738356164	0	0.3233333333
311	0	0.7960958904	0.139	0.3913333333	0.0666666667	0.514	0.672739726	0	0.3223333333
312	0	0.7956164384	0.138	0.3906666667	0.0666666667	0.5126666667	0.6717123288	0	0.3213333333
313	0	0.7951369863	0.1375	0.3896666667	0.0666666667	0.5113333333	0.6706164384	0	0.3196666667
314	0	0.7942465753	0.137	0.388	0.0655555556	0.511	0.6695890411	0	0.3186666667
315	0	0.793630137	0.1345	0.386	0.0655555556	0.509	0.6685616438	0	0.317
316	0	0.7930821918	0.132	0.3846666667	0.0655555556	0.508	0.6674657534	0	0.316
317	0	0.7923972603	0.131	0.3833333333	0.0655555556	0.5073333333	0.6665068493	0	0.3146666667
318	0	0.7916438356	0.129	0.3816666667	0.0644444444	0.5056666667	0.6653424658	0	0.3136666667
319	0	0.791369863	0.128	0.3803333333	0.0644444444	0.5043333333	0.6643835616	0	0.313
320	0	0.7908219178	0.1245	0.3796666667	0.0644444444	0.5033333333	0.6634246575	0	0.3123333333
321	0	0.7902739726	0.124	0.378	0.0633333333	0.503	0.6623972603	0	0.3103333333
322	0	0.7899315068	0.1225	0.377	0.0633333333	0.5016666667	0.6612328767	0	0.3086666667
323	0	0.7891780822	0.121	0.3753333333	0.0633333333	0.4996666667	0.6602054795	0	0.3073333333
324	0	0.7884246575	0.1185	0.3733333333	0.0633333333	0.499	0.6591780822	0	0.3056666667
325	0	0.7876712329	0.1165	0.3726666667	0.0633333333	0.4983333333	0.6581506849	0	0.305
326	0	0.7871232877	0.115	0.371	0.0633333333	0.4973333333	0.6571232877	0	0.304
327	0	0.7865068493	0.1135	0.3696666667	0.0633333333	0.4963333333	0.6560958904	0	0.302
328	0	0.7863013699	0.111	0.3686666667	0.0633333333	0.4953333333	0.655	0	0.3006666667
329	0	0.7857534247	0.108	0.3673333333	0.0633333333	0.4936666667	0.6539041096	0	0.2993333333
330	0	0.7847945205	0.105	0.3663333333	0.0633333333	0.4926666667	0.6528082192	0	0.2976666667
331	0	0.784109589	0.104	0.365	0.0633333333	0.4923333333	0.6517808219	0	0.2956666667
332	0	0.7831506849	0.1025	0.364	0.0633333333	0.4916666667	0.6506164384	0	0.2946666667
333	0	0.7828082192	0.1015	0.3623333333	0.0633333333	0.4896666667	0.6496575342	0	0.294
334	0	0.7819863014	0.0995	0.362	0.0633333333	0.489	0.6485616438	0	0.293
335	0	0.7816438356	0.098	0.3603333333	0.0633333333	0.4876666667	0.6473972603	0	0.2916666667
336	0	0.7810273973	0.098	0.3593333333	0.0633333333	0.4866666667	0.6463013699	0	0.2906666667
337	0	0.7803424658	0.0965	0.357	0.0622222222	0.4863333333	0.6452739726	0	0.2893333333
338	0	0.78	0.0955	0.356	0.0622222222	0.4853333333	0.6442465753	0	0.288
339	0	0.7790410959	0.0945	0.3546666667	0.0622222222	0.484	0.6430821918	0	0.2863333333
340	0	0.7784931507	0.0925	0.3536666667	0.0622222222	0.4823333333	0.6418493151	0	0.2856666667
341	0	0.777739726	0.0915	0.353	0.0622222222	0.4816666667	0.6410273973	0	0.2836666667
342	0	0.7770547945	0.089	0.3523333333	0.0622222222	0.4806666667	0.64	0	0.283
343	0	0.776369863	0.087	0.3516666667	0.0622222222	0.4793333333	0.6390410959	0	0.281
344	0	0.775890411	0.085	0.349	0.0622222222	0.4783333333	0.6380136986	0	0.281
345	0	0.7756164384	0.084	0.3473333333	0.0622222222	0.4773333333	0.6369178082	0	0.279
346	0	0.775	0.0835	0.346	0.0622222222	0.476	0.6359589041	0	0.2783333333
347	0	0.7743150685	0.0825	0.345	0.0622222222	0.4756666667	0.6348630137	0	0.2766666667
348	0	0.7739726027	0.0805	0.3426666667	0.0622222222	0.475	0.6336986301	0	0.2756666667
349	0	0.7735616438	0.079	0.342	0.0622222222	0.4736666667	0.6326712329	0	0.274
350	0	0.7730136986	0.078	0.3406666667	0.0622222222	0.4733333333	0.6316438356	0	0.2713333333
351	0	0.7726712329	0.0765	0.3393333333	0.0622222222	0.472	0.6306164384	0	0.2693333333
352	0	0.7719178082	0.0765	0.3386666667	0.0622222222	0.4716666667	0.6297945205	0	0.2676666667
353	0	0.771369863	0.0755	0.3373333333	0.0622222222	0.4716666667	0.6287671233	0	0.2656666667
354	0	0.7704109589	0.072	0.3356666667	0.0622222222	0.471	0.6276712329	0	0.2636666667
355	0	0.7698630137	0.071	0.335	0.0622222222	0.47	0.6266438356	0	0.262
356	0	0.7691780822	0.07	0.334	0.0622222222	0.4686666667	0.6254794521	0	0.2593333333
357	0	0.7684931507	0.07	0.333	0.0622222222	0.468	0.6245205479	0	0.2583333333
358	0	0.7682191781	0.0685	0.3313333333	0.0611111111	0.4676666667	0.6235616438	0	0.2573333333
359	0	0.7678082192	0.0665	0.3303333333	0.0611111111	0.4656666667	0.622739726	0	0.2553333333
360	0	0.7675342466	0.066	0.3293333333	0.0611111111	0.465	0.6217123288	0	0.2536666667
361	0	0.7669863014	0.065	0.3283333333	0.0611111111	0.4643333333	0.6206849315	0	0.252
362	0	0.766369863	0.0645	0.3276666667	0.0611111111	0.4643333333	0.6195890411	0	0.2506666667
363	0	0.7653424658	0.0635	0.327	0.0611111111	0.4636666667	0.6183561644	0	0.2496666667
364	0	0.7647945205	0.062	0.325	0.0611111111	0.4626666667	0.617260274	0	0.2486666667
365	0	0.7644520548	0.062	0.3243333333	0.0611111111	0.4623333333	0.6162328767	0	0.248
366	0	0.7640410959	0.061	0.324	0.0611111111	0.4613333333	0.6152054795	0	0.2463333333
367	0	0.7630821918	0.0605	0.323	0.0611111111	0.46	0.6141780822	0	0.2456666667
368	0	0.7625342466	0.0605	0.3206666667	0.0611111111	0.459	0.6130821918	0	0.2436666667
369	0	0.7617123288	0.0595	0.3203333333	0.0588888889	0.4583333333	0.6120547945	0	0.2416666667
370	0	0.7612328767	0.0595	0.3196666667	0.0588888889	0.457	0.610890411	0	0.2403333333
371	0	0.7608219178	0.059	0.319	0.0588888889	0.4566666667	0.6098630137	0	0.2386666667
372	0	0.7606164384	0.0585	0.3173333333	0.0588888889	0.456	0.6088356164	0	0.2373333333
373	0	0.7593150685	0.0585	0.3163333333	0.0588888889	0.455	0.6078767123	0	0.2363333333
374	0	0.7586986301	0.057	0.315	0.0588888889	0.4543333333	0.6067808219	0	0.235
375	0	0.7581506849	0.0565	0.3136666667	0.0588888889	0.454	0.6057534247	0	0.2336666667
376	0	0.7580136986	0.056	0.312	0.0577777778	0.4533333333	0.6045890411	0	0.2313333333
377	0	0.7571917808	0.0555	0.3113333333	0.0577777778	0.4526666667	0.6035616438	0	0.23
378	0	0.7565068493	0.055	0.3106666667	0.0577777778	0.4516666667	0.6024657534	0	0.2276666667
379	0	0.7563013699	0.0545	0.3086666667	0.0566666667	0.45	0.6014383562	0	0.226
380	0	0.755890411	0.0535	0.3086666667	0.0566666667	0.449	0.6003424658	0	0.2253333333
381	0	0.7551369863	0.0525	0.3066666667	0.0566666667	0.4483333333	0.5992465753	0	0.2243333333
382	0	0.7543835616	0.0525	0.3056666667	0.0555555556	0.447	0.5983561644	0	0.2226666667
383	0	0.7541780822	0.051	0.304	0.0544444444	0.446	0.5973287671	0	0.221
384	0	0.7536986301	0.05	0.303	0.0544444444	0.4453333333	0.5963013699	0	0.2196666667
385	0	0.7535616438	0.0495	0.302	0.0533333333	0.4443333333	0.5954794521	0	0.2183333333
386	0	0.7530821918	0.0485	0.3013333333	0.0533333333	0.4433333333	0.5943150685	0	0.217
387	0	0.7519178082	0.0475	0.3003333333	0.0533333333	0.4433333333	0.5932876712	0	0.2166666667
388	0	0.750890411	0.0475	0.2986666667	0.0533333333	0.4426666667	0.5923287671	0	0.2146666667
389	0	0.7499315068	0.047	0.2976666667	0.0522222222	0.4426666667	0.5911643836	0	0.2126666667
390	0	0.7493835616	0.047	0.297	0.0522222222	0.4413333333	0.5903424658	0	0.211
391	0	0.748630137	0.0465	0.2963333333	0.0522222222	0.4403333333	0.5892465753	0	0.2096666667
392	0	0.7480136986	0.046	0.2946666667	0.0522222222	0.439	0.5880821918	0	0.2086666667
393	0	0.7475342466	0.045	0.2936666667	0.0522222222	0.438	0.5871232877	0	0.2076666667
394	0	0.7471232877	0.045	0.2923333333	0.0522222222	0.4366666667	0.585890411	0	0.2066666667
395	0	0.7462328767	0.044	0.2913333333	0.0522222222	0.4363333333	0.5849315068	0	0.205
396	0	0.7454109589	0.044	0.2896666667	0.0511111111	0.4363333333	0.5838356164	0	0.2033333333
397	0	0.7446575342	0.044	0.289	0.0511111111	0.4356666667	0.5826712329	0	0.202
398	0	0.7441780822	0.044	0.2876666667	0.0511111111	0.4356666667	0.5819178082	0	0.201
399	0	0.7432191781	0.0435	0.287	0.05	0.4346666667	0.5807534247	0	0.2003333333
400	0	0.7426712329	0.0435	0.2856666667	0.05	0.4343333333	0.5797260274	0	0.199
401	0	0.7421917808	0.043	0.2853333333	0.0477777778	0.4333333333	0.578630137	0	0.198
402	0	0.741369863	0.043	0.2833333333	0.0477777778	0.433	0.5775342466	0	0.1966666667
403	0	0.7406849315	0.0415	0.2823333333	0.0466666667	0.4323333333	0.5765753425	0	0.1953333333
404	0	0.7402739726	0.0415	0.282	0.0455555556	0.4316666667	0.5753424658	0	0.195
405	0	0.7397260274	0.0415	0.2816666667	0.0455555556	0.431	0.5743835616	0	0.194
406	0	0.7391780822	0.041	0.281	0.0444444444	0.4303333333	0.5734246575	0	0.193
407	0	0.7382876712	0.0405	0.28	0.0444444444	0.4296666667	0.572260274	0	0.1916666667
408	0	0.7378082192	0.0395	0.2793333333	0.0444444444	0.4286666667	0.5710273973	0	0.1903333333
409	0	0.7373972603	0.039	0.2786666667	0.0433333333	0.427	0.5700684932	0	0.1893333333
410	0	0.7367808219	0.039	0.2783333333	0.0433333333	0.4266666667	0.5689041096	0	0.1886666667
411	0	0.7360958904	0.039	0.2776666667	0.0433333333	0.426	0.5678767123	0	0.1876666667
412	0	0.7356849315	0.0385	0.276	0.0433333333	0.4243333333	0.5668493151	0	0.1866666667
413	0	0.7351369863	0.038	0.2743333333	0.0422222222	0.4236666667	0.565890411	0	0.186
414	0	0.7345890411	0.0375	0.2736666667	0.04	0.423	0.565	0	0.1856666667
415	0	0.7344520548	0.037	0.2733333333	0.04	0.422	0.5637671233	0	0.1846666667
416	0	0.7340410959	0.037	0.2716666667	0.0388888889	0.421	0.562739726	0	0.184
417	0	0.733630137	0.0365	0.2706666667	0.0388888889	0.4196666667	0.5617123288	0	0.1833333333
418	0	0.7332191781	0.0365	0.2693333333	0.0366666667	0.419	0.5605479452	0	0.182
419	0	0.7326712329	0.0365	0.2686666667	0.0366666667	0.418	0.5595205479	0	0.1813333333
420	0	0.732260274	0.0355	0.267	0.0355555556	0.4166666667	0.5584931507	0	0.1806666667
421	0	0.7315068493	0.0355	0.266	0.0344444444	0.416	0.5576027397	0	0.179
422	0	0.7310273973	0.0355	0.2653333333	0.0344444444	0.4156666667	0.5567123288	0	0.178
423	0	0.7304109589	0.0355	0.2636666667	0.0344444444	0.4153333333	0.5554109589	0	0.1773333333
424	0	0.7296575342	0.0345	0.263	0.0333333333	0.4143333333	0.5545205479	0	0.1763333333
425	0	0.7291780822	0.0345	0.262	0.0322222222	0.4143333333	0.5536986301	0	0.1753333333
426	0	0.728630137	0.0345	0.2613333333	0.0311111111	0.4133333333	0.5525342466	0	0.1746666667
427	0	0.7282191781	0.034	0.2606666667	0.03	0.4123333333	0.5515068493	0	0.174
428	0	0.7278767123	0.0335	0.2596666667	0.03	0.412	0.5504109589	0	0.1733333333
429	0	0.7275342466	0.033	0.2586666667	0.0288888889	0.4116666667	0.5493835616	0	0.173
430	0	0.7267808219	0.032	0.258	0.0288888889	0.411	0.5485616438	0	0.1726666667
431	0	0.726369863	0.032	0.256	0.0277777778	0.41	0.547260274	0	0.172
432	0	0.7256164384	0.032	0.2543333333	0.0277777778	0.4096666667	0.5462328767	0	0.171
433	0	0.7253424658	0.032	0.254	0.0277777778	0.4093333333	0.5452054795	0	0.1703333333
434	0	0.725	0.0315	0.2533333333	0.0266666667	0.4086666667	0.544109589	0	0.1686666667
435	0	0.7244520548	0.0315	0.253	0.0255555556	0.408	0.5430136986	0	0.1686666667
436	0	0.7238356164	0.031	0.2516666667	0.0244444444	0.4073333333	0.5421232877	0	0.1676666667
437	0	0.7233561644	0.0305	0.2506666667	0.0244444444	0.407	0.540890411	0	0.1663333333
438	0	0.722260274	0.03	0.2496666667	0.0244444444	0.4063333333	0.5398630137	0	0.1653333333
439	0	0.7219178082	0.03	0.2486666667	0.0233333333	0.4053333333	0.5386986301	0	0.1646666667
440	0	0.7215753425	0.03	0.2473333333	0.0233333333	0.4046666667	0.5375342466	0	0.1643333333
441	0	0.720890411	0.03	0.2456666667	0.0222222222	0.4036666667	0.5365753425	0	0.1643333333
442	0	0.7204109589	0.03	0.245	0.0211111111	0.4036666667	0.5354109589	0	0.1633333333
443	0	0.7197260274	0.03	0.2436666667	0.0211111111	0.4023333333	0.5343150685	0	0.1626666667
444	0	0.7188356164	0.03	0.243	0.02	0.402	0.5333561644	0	0.1623333333
445	0	0.7181506849	0.03	0.2426666667	0.02	0.402	0.5323972603	0	0.1603333333
446	0	0.7176712329	0.03	0.2423333333	0.0188888889	0.4016666667	0.5315753425	0	0.159
447	0	0.7165753425	0.03	0.2416666667	0.0177777778	0.4006666667	0.5302739726	0	0.1576666667
448	0	0.7162328767	0.03	0.24	0.0166666667	0.4	0.5291780822	0	0.157
449	0	0.7156849315	0.03	0.2386666667	0.0155555556	0.399	0.5282191781	0	0.1556666667
450	0	0.715	0.03	0.2376666667	0.0155555556	0.3983333333	0.5271232877	0	0.1553333333
451	0	0.7143835616	0.0295	0.2363333333	0.0144444444	0.3973333333	0.5259589041	0	0.1536666667
452	0	0.7139726027	0.0295	0.2353333333	0.0144444444	0.397	0.5249315068	0	0.1523333333
453	0	0.713630137	0.0295	0.235	0.0144444444	0.396	0.5239041096	0	0.1506666667
454	0	0.7130136986	0.0295	0.2343333333	0.0133333333	0.3953333333	0.5230136986	0	0.1493333333
455	0	0.7120547945	0.0295	0.234	0.0133333333	0.3946666667	0.5218493151	0	0.1476666667
456	0	0.7116438356	0.0295	0.233	0.0133333333	0.3943333333	0.5206849315	0	0.147
457	0	0.7106849315	0.0295	0.232	0.0122222222	0.393	0.5197945205	0	0.1463333333
458	0	0.7100684932	0.0295	0.2303333333	0.0122222222	0.3913333333	0.5187671233	0	0.1453333333
459	0	0.7095890411	0.0295	0.229	0.0122222222	0.391	0.5176712329	0	0.1443333333
460	0	0.7090410959	0.0295	0.2283333333	0.0122222222	0.3903333333	0.5167123288	0	0.143
461	0	0.7086986301	0.0295	0.228	0.0122222222	0.3893333333	0.5156849315	0	0.142
462	0	0.7085616438	0.0295	0.2273333333	0.0111111111	0.3883333333	0.5147945205	0	0.1416666667
463	0	0.7079452055	0.0295	0.2263333333	0.0111111111	0.387	0.5137671233	0	0.141
464	0	0.7069178082	0.0295	0.225	0.0111111111	0.3863333333	0.5125342466	0	0.14
465	0	0.7062328767	0.0295	0.224	0.0111111111	0.3863333333	0.5115753425	0	0.1386666667
466	0	0.7060273973	0.0295	0.2226666667	0.0111111111	0.386	0.5104794521	0	0.1366666667
467	0	0.705890411	0.0295	0.2216666667	0.01	0.3856666667	0.5093150685	0	0.1356666667
468	0	0.7052054795	0.0295	0.2206666667	0.01	0.385	0.5082876712	0	0.1346666667
469	0	0.7049315068	0.0295	0.2193333333	0.01	0.3846666667	0.507260274	0	0.1336666667
470	0	0.7045890411	0.0295	0.2186666667	0.0088888889	0.384	0.5064383562	0	0.1323333333
471	0	0.7040410959	0.0295	0.218	0.0088888889	0.3833333333	0.5052054795	0	0.1306666667
472	0	0.7034931507	0.0295	0.2173333333	0.0088888889	0.383	0.5040410959	0	0.13
473	0	0.7029452055	0.0295	0.2163333333	0.0077777778	0.3826666667	0.5030821918	0	0.1286666667
474	0	0.7017123288	0.0295	0.215	0.0077777778	0.382	0.5019863014	0	0.1276666667
475	0	0.7012328767	0.0295	0.214	0.0077777778	0.3813333333	0.500890411	0	0.1263333333
476	0	0.7006164384	0.0295	0.2126666667	0.0077777778	0.38	0.4998630137	0	0.1253333333
477	0	0.7002739726	0.0295	0.211	0.0077777778	0.3796666667	0.4988356164	0	0.124
478	0	0.6998630137	0.0295	0.2096666667	0.0077777778	0.3786666667	0.4978767123	0	0.1233333333
479	0	0.6994520548	0.0295	0.2083333333	0.0055555556	0.3776666667	0.4966438356	0	0.1223333333
480	0	0.6985616438	0.0295	0.2076666667	0.0055555556	0.3766666667	0.4954794521	0	0.121
481	0	0.6975342466	0.0295	0.207	0.0055555556	0.376	0.4944520548	0	0.1203333333
482	0	0.6968493151	0.0295	0.206	0.0044444444	0.3753333333	0.4934246575	0	0.119
483	0	0.6966438356	0.0295	0.204	0.0044444444	0.3746666667	0.4923287671	0	0.117
484	0	0.6962328767	0.029	0.202	0.0033333333	0.374	0.491369863	0	0.116
485	0	0.6956849315	0.029	0.2003333333	0.0033333333	0.3733333333	0.4902739726	0	0.1143333333
486	0	0.695	0.029	0.1986666667	0.0022222222	0.3726666667	0.4893835616	0	0.113
487	0	0.6945205479	0.0285	0.1973333333	0.0022222222	0.3716666667	0.4882191781	0	0.1116666667
488	0	0.6943150685	0.0285	0.1966666667	0.0022222222	0.371	0.4871232877	0	0.1103333333
489	0	0.6939041096	0.0285	0.1956666667	0.0022222222	0.3703333333	0.4862328767	0	0.1093333333
490	0	0.6936986301	0.0285	0.195	0.0022222222	0.37	0.4850684932	0	0.1083333333
491	0	0.6933561644	0.028	0.194	0.0022222222	0.3693333333	0.4840410959	0	0.1076666667
492	0	0.6921917808	0.0275	0.1926666667	0.0022222222	0.3686666667	0.4830136986	0	0.107
493	0	0.6916438356	0.0275	0.191	0.0022222222	0.3683333333	0.4820547945	0	0.106
494	0	0.6909589041	0.0265	0.1903333333	0.0011111111	0.368	0.4811643836	0	0.1046666667
495	0	0.6904109589	0.026	0.189	0.0011111111	0.3676666667	0.48	0	0.102
496	0	0.6899315068	0.0255	0.1886666667	0.0011111111	0.367	0.4788356164	0	0.1013333333
497	0	0.6891780822	0.0255	0.188	0.0011111111	0.3656666667	0.4778082192	0	0.1003333333
498	0	0.6888356164	0.0245	0.1873333333	0.0011111111	0.365	0.4766438356	0	0.0993333333
499	0	0.6882876712	0.0245	0.186	0.0011111111	0.3646666667	0.4756164384	0	0.0986666667
500	0	0.6876027397	0.024	0.1846666667	0	0.3636666667	0.4746575342	0	0.0963333333
501	0	0.6869863014	0	0.1836666667	0	0.3633333333	0.473630137	0	0.0953333333
502	0	0.6865068493	0	0.183	0	0.3623333333	0.472739726	0	0.0943333333
503	0	0.6858219178	0	0.1816666667	0	0.362	0.4716438356	0	0.094
504	0	0.6851369863	0	0.1806666667	0	0.362	0.4704109589	0	0.0926666667
505	0	0.6839041096	0	0.18	0	0.3616666667	0.4692465753	0	0.0913333333
506	0	0.6832191781	0	0.1796666667	0	0.3613333333	0.4680821918	0	0.0903333333
507	0	0.682739726	0	0.1783333333	0	0.361	0.4669863014	0	0.0893333333
508	0	0.6823287671	0	0.1773333333	0	0.3603333333	0.4660273973	0	0.088
509	0	0.6818493151	0	0.1763333333	0	0.3593333333	0.4650684932	0	0.0866666667
510	0	0.6815068493	0	0.1753333333	0	0.3586666667	0.464109589	0	0.0856666667
511	0	0.6810958904	0	0.1746666667	0	0.3573333333	0.4628082192	0	0.0846666667
512	0	0.6806849315	0	0.174	0	0.3566666667	0.4617808219	0	0.0836666667
513	0	0.6799315068	0	0.1733333333	0	0.356	0.4605479452	0	0.0823333333
514	0	0.6795205479	0	0.172	0	0.3546666667	0.4595205479	0	0.0806666667
515	0	0.6785616438	0	0.171	0	0.3543333333	0.4584931507	0	0.0773333333
516	0	0.6778082192	0	0.1696666667	0	0.3533333333	0.4575342466	0	0.0743333333
517	0	0.6773287671	0	0.1686666667	0	0.3526666667	0.4564383562	0	0.0726666667
518	0	0.6768493151	0	0.1676666667	0	0.3523333333	0.4555479452	0	0.072
519	0	0.6762328767	0	0.166	0	0.3516666667	0.4544520548	0	0.0693333333
520	0	0.6760958904	0	0.1653333333	0	0.3513333333	0.4532191781	0	0.0676666667
521	0	0.6752739726	0	0.164	0	0.351	0.4521917808	0	0.067
522	0	0.6745890411	0	0.163	0	0.3503333333	0.4511643836	0	0.066
523	0	0.6739726027	0	0.1616666667	0	0.35	0.45	0	0.065
524	0	0.6736986301	0	0.1603333333	0	0.349	0.4490410959	0	0.0643333333
525	0	0.6732191781	0	0.1583333333	0	0.3486666667	0.4480136986	0	0.0633333333
526	0	0.6723972603	0	0.1573333333	0	0.348	0.4471917808	0	0.0623333333
527	0	0.6717808219	0	0.1563333333	0	0.3473333333	0.4459589041	0	0.0613333333
528	0	0.6709589041	0	0.156	0	0.3466666667	0.4448630137	0	0.0603333333
529	0	0.6704794521	0	0.1553333333	0	0.3463333333	0.4439041096	0	0.0596666667
530	0	0.67	0	0.1546666667	0	0.3456666667	0.4428082192	0	0.0586666667
531	0	0.6696575342	0	0.1533333333	0	0.345	0.4417123288	0	0.0583333333
532	0	0.6693835616	0	0.1526666667	0	0.3446666667	0.4407534247	0	0.0576666667
533	0	0.6687671233	0	0.151	0	0.344	0.4397260274	0	0.057
534	0	0.6679452055	0	0.1496666667	0	0.3436666667	0.4388356164	0	0.0566666667
535	0	0.6676712329	0	0.1493333333	0	0.343	0.437739726	0	0.0563333333
536	0	0.6671232877	0	0.1483333333	0	0.3426666667	0.4364383562	0	0.056
537	0	0.6665068493	0	0.1473333333	0	0.342	0.4354794521	0	0.0556666667
538	0	0.6658219178	0	0.147	0	0.3416666667	0.4343150685	0	0.0556666667
539	0	0.6653424658	0	0.146	0	0.3406666667	0.4332876712	0	0.0553333333
540	0	0.6647945205	0	0.1453333333	0	0.34	0.432260274	0	0.055
541	0	0.664109589	0	0.1446666667	0	0.339	0.4313013699	0	0.0533333333
542	0	0.6634246575	0	0.1433333333	0	0.3386666667	0.4304794521	0	0.053
543	0	0.6628767123	0	0.142	0	0.3383333333	0.4293150685	0	0.0526666667
544	0	0.6623287671	0	0.141	0	0.3376666667	0.4280821918	0	0.0523333333
545	0	0.6618493151	0	0.1396666667	0	0.3366666667	0.4271232877	0	0.052
546	0	0.6614383562	0	0.139	0	0.3363333333	0.4260273973	0	0.0516666667
547	0	0.6610958904	0	0.1383333333	0	0.3356666667	0.4247945205	0	0.0513333333
548	0	0.6607534247	0	0.137	0	0.3353333333	0.4237671233	0	0.051
549	0	0.6602739726	0	0.1356666667	0	0.335	0.4228767123	0	0.0506666667
550	0	0.66	0	0.135	0	0.3346666667	0.4218493151	0	0.0503333333
551	0	0.6595890411	0	0.1343333333	0	0.3343333333	0.4208219178	0	0.0503333333
552	0	0.6587671233	0	0.1336666667	0	0.3333333333	0.4196575342	0	0.0496666667
553	0	0.6582191781	0	0.132	0	0.3326666667	0.4187671233	0	0.0493333333
554	0	0.657739726	0	0.1316666667	0	0.332	0.4176027397	0	0.0486666667
555	0	0.6576027397	0	0.1313333333	0	0.331	0.4165068493	0	0.0483333333
556	0	0.6573287671	0	0.1303333333	0	0.3303333333	0.4154109589	0	0.048
557	0	0.6567123288	0	0.1286666667	0	0.3296666667	0.4144520548	0	0.0476666667
558	0	0.6560958904	0	0.127	0	0.3293333333	0.4134931507	0	0.0476666667
559	0	0.6554109589	0	0.1263333333	0	0.3286666667	0.4124657534	0	0.0473333333
560	0	0.6545205479	0	0.1253333333	0	0.3276666667	0.4113013699	0	0.047
561	0	0.6539726027	0	0.1243333333	0	0.3266666667	0.4103424658	0	0.046
562	0	0.6535616438	0	0.1233333333	0	0.3263333333	0.4092465753	0	0.046
563	0	0.6529452055	0	0.1223333333	0	0.3253333333	0.4079452055	0	0.0456666667
564	0	0.652739726	0	0.121	0	0.325	0.4069863014	0	0.045
565	0	0.652260274	0	0.1203333333	0	0.3243333333	0.4059589041	0	0.045
566	0	0.6520547945	0	0.1193333333	0	0.323	0.4050684932	0	0.045
567	0	0.6517808219	0	0.1183333333	0	0.3213333333	0.4039041096	0	0.0446666667
568	0	0.6511643836	0	0.1173333333	0	0.3203333333	0.4028082192	0	0.0443333333
569	0	0.6506164384	0	0.117	0	0.3193333333	0.4018493151	0	0.044
570	0	0.6502739726	0	0.116	0	0.3186666667	0.400890411	0	0.044
571	0	0.6499315068	0	0.1153333333	0	0.3183333333	0.3997945205	0	0.0436666667
572	0	0.6491780822	0	0.1143333333	0	0.3173333333	0.3987671233	0	0.0433333333
573	0	0.6483561644	0	0.1136666667	0	0.3173333333	0.3978082192	0	0.043
574	0	0.6475342466	0	0.113	0	0.3166666667	0.3967123288	0	0.041
575	0	0.6471232877	0	0.1123333333	0	0.3163333333	0.3958219178	0	0.04
576	0	0.6463013699	0	0.1123333333	0	0.3153333333	0.3945890411	0	0.0386666667
577	0	0.6457534247	0	0.1106666667	0	0.3143333333	0.3935616438	0	0.0386666667
578	0	0.6454109589	0	0.11	0	0.3136666667	0.3924657534	0	0.038
579	0	0.6451369863	0	0.1096666667	0	0.3133333333	0.3912328767	0	0.0376666667
580	0	0.6448630137	0	0.1093333333	0	0.3123333333	0.3902739726	0	0.0376666667
581	0	0.6444520548	0	0.1086666667	0	0.312	0.3893150685	0	0.0373333333
582	0	0.644109589	0	0.108	0	0.3113333333	0.3883561644	0	0.037
583	0	0.6433561644	0	0.1073333333	0	0.311	0.387260274	0	0.0366666667
584	0	0.6429452055	0	0.107	0	0.3103333333	0.3860958904	0	0.0366666667
585	0	0.6428082192	0	0.106	0	0.3093333333	0.3852054795	0	0.036
586	0	0.6423972603	0	0.1053333333	0	0.3086666667	0.384109589	0	0.036
587	0	0.6419863014	0	0.1043333333	0	0.3076666667	0.3828767123	0	0.036
588	0	0.6411643836	0	0.1036666667	0	0.307	0.3817808219	0	0.0356666667
589	0	0.6403424658	0	0.1036666667	0	0.3066666667	0.3807534247	0	0.0356666667
590	0	0.6397260274	0	0.1023333333	0	0.306	0.3797260274	0	0.0356666667
591	0	0.6393150685	0	0.102	0	0.3056666667	0.378630137	0	0.0356666667
592	0	0.6388356164	0	0.1013333333	0	0.305	0.3774657534	0	0.0356666667
593	0	0.6379452055	0	0.101	0	0.304	0.3765068493	0	0.0356666667
594	0	0.6376712329	0	0.1003333333	0	0.303	0.3754109589	0	0.0356666667
595	0	0.6370547945	0	0.099	0	0.3016666667	0.3742465753	0	0.0356666667
596	0	0.6365753425	0	0.098	0	0.3013333333	0.3732191781	0	0.0356666667
597	0	0.6358219178	0	0.0973333333	0	0.3006666667	0.3721917808	0	0.0346666667
598	0	0.6354109589	0	0.0963333333	0	0.3003333333	0.3711643836	0	0.0346666667
599	0	0.6353424658	0	0.095	0	0.2996666667	0.3701369863	0	0.0346666667
600	0	0.6349315068	0	0.0936666667	0	0.2986666667	0.3690410959	0	0.034
601	0	0.6345205479	0	0.093	0	0.298	0.3680821918	0	0.034
602	0	0.6339726027	0	0.0923333333	0	0.2973333333	0.3670547945	0	0.0336666667
603	0	0.6336986301	0	0.0913333333	0	0.2963333333	0.365890411	0	0.0336666667
604	0	0.6332191781	0	0.091	0	0.2956666667	0.3649315068	0	0.0336666667
605	0	0.6326712329	0	0.0903333333	0	0.295	0.3638356164	0	0.0336666667
606	0	0.6325342466	0	0.0896666667	0	0.294	0.362739726	0	0.0333333333
607	0	0.6321232877	0	0.0886666667	0	0.2933333333	0.3617808219	0	0.0333333333
608	0	0.6319863014	0	0.088	0	0.2926666667	0.3605479452	0	0.0333333333
609	0	0.6313013699	0	0.0876666667	0	0.2923333333	0.3595890411	0	0.0333333333
610	0	0.630890411	0	0.0873333333	0	0.2916666667	0.358630137	0	0.0333333333
611	0	0.6304794521	0	0.0866666667	0	0.2903333333	0.3574657534	0	0.0333333333
612	0	0.6296575342	0	0.0856666667	0	0.2896666667	0.3564383562	0	0.0333333333
613	0	0.629109589	0	0.0846666667	0	0.2883333333	0.3554109589	0	0.0333333333
614	0	0.6284931507	0	0.0833333333	0	0.2873333333	0.3543150685	0	0.0333333333
615	0	0.6280136986	0	0.0826666667	0	0.2866666667	0.3532191781	0	0.0333333333
616	0	0.6274657534	0	0.082	0	0.286	0.3521917808	0	0.0333333333
617	0	0.6267808219	0	0.0813333333	0	0.2853333333	0.3512328767	0	0.0333333333
618	0	0.6265068493	0	0.081	0	0.284	0.3502739726	0	0.0333333333
619	0	0.6260273973	0	0.0806666667	0	0.2833333333	0.349109589	0	0.0333333333
620	0	0.6256849315	0	0.0803333333	0	0.2826666667	0.3480821918	0	0.0333333333
621	0	0.6251369863	0	0.0793333333	0	0.282	0.3471232877	0	0.0333333333
622	0	0.6247260274	0	0.0783333333	0	0.2816666667	0.3459589041	0	0.0333333333
623	0	0.6237671233	0	0.078	0	0.281	0.3449315068	0	0.0333333333
624	0	0.6232191781	0	0.0773333333	0	0.2803333333	0.3437671233	0	0.0333333333
625	0	0.6226712329	0	0.0766666667	0	0.279	0.342739726	0	0.0333333333
626	0	0.622260274	0	0.0763333333	0	0.2786666667	0.3417808219	0	0.0333333333
627	0	0.6218493151	0	0.0756666667	0	0.2783333333	0.3406849315	0	0.0333333333
628	0	0.6217123288	0	0.0756666667	0	0.2776666667	0.3396575342	0	0.0333333333
629	0	0.6212328767	0	0.074	0	0.2766666667	0.3386986301	0	0.0333333333
630	0	0.6206164384	0	0.074	0	0.275	0.3375342466	0	0.0333333333
631	0	0.6197945205	0	0.0736666667	0	0.274	0.3364383562	0	0.0333333333
632	0	0.619109589	0	0.0726666667	0	0.2726666667	0.3354109589	0	0.0333333333
633	0	0.6183561644	0	0.0723333333	0	0.272	0.3343835616	0	0.0333333333
634	0	0.6182876712	0	0.0713333333	0	0.2713333333	0.3333561644	0	0.0333333333
635	0	0.6176712329	0	0.071	0	0.2703333333	0.332260274	0	0.0333333333
636	0	0.6171232877	0	0.07	0	0.2693333333	0.3312328767	0	0.0333333333
637	0	0.6164383562	0	0.069	0	0.2686666667	0.3302054795	0	0.0333333333
638	0	0.6160273973	0	0.068	0	0.2676666667	0.329109589	0	0.0333333333
639	0	0.6154109589	0	0.0673333333	0	0.267	0.3280136986	0	0.0333333333
640	0	0.6149315068	0	0.066	0	0.2663333333	0.3268493151	0	0.0333333333
641	0	0.6145205479	0	0.0656666667	0	0.2653333333	0.3259589041	0	0.0333333333
642	0	0.614109589	0	0.0653333333	0	0.2646666667	0.325	0	0.0333333333
643	0	0.6136986301	0	0.0646666667	0	0.2643333333	0.3239726027	0	0.0333333333
644	0	0.6134931507	0	0.0643333333	0	0.2636666667	0.3228767123	0	0.0333333333
645	0	0.6129452055	0	0.0636666667	0	0.2626666667	0.3217123288	0	0.0333333333
646	0	0.6121917808	0	0.063	0	0.262	0.3207534247	0	0.0333333333
647	0	0.6117123288	0	0.0616666667	0	0.2616666667	0.3197260274	0	0.0333333333
648	0	0.610890411	0	0.061	0	0.2606666667	0.3185616438	0	0.0333333333
649	0	0.6102054795	0	0.0606666667	0	0.26	0.3176027397	0	0.0333333333
650	0	0.6096575342	0	0.0603333333	0	0.2593333333	0.3167123288	0	0.0333333333
651	0	0.6092465753	0	0.06	0	0.258	0.3155479452	0	0.0333333333
652	0	0.6084931507	0	0.0596666667	0	0.2573333333	0.3146575342	0	0.0333333333
653	0	0.6080136986	0	0.059	0	0.2563333333	0.3137671233	0	0.0333333333
654	0	0.6071917808	0	0.0583333333	0	0.2553333333	0.3128082192	0	0.0333333333
655	0	0.6063013699	0	0.058	0	0.2533333333	0.3117123288	0	0.0333333333
656	0	0.6058219178	0	0.057	0	0.2523333333	0.3106849315	0	0.0333333333
657	0	0.6053424658	0	0.056	0	0.2516666667	0.3096575342	0	0.0333333333
658	0	0.6049315068	0	0.056	0	0.251	0.3086986301	0	0.0333333333
659	0	0.6043835616	0	0.0546666667	0	0.25	0.3076027397	0	0.0333333333
660	0	0.6039726027	0	0.054	0	0.249	0.3066438356	0	0.0333333333
661	0	0.6033561644	0	0.053	0	0.248	0.3056849315	0	0.0333333333
662	0	0.6030821918	0	0.0526666667	0	0.247	0.3048630137	0	0.0333333333
663	0	0.602739726	0	0.0523333333	0	0.2463333333	0.3036986301	0	0.0333333333
664	0	0.6024657534	0	0.0523333333	0	0.2453333333	0.3023972603	0	0.0333333333
665	0	0.6021232877	0	0.0516666667	0	0.2443333333	0.3012328767	0	0.0333333333
666	0	0.601369863	0	0.051	0	0.243	0.3002739726	0	0.0333333333
667	0	0.600890411	0	0.0503333333	0	0.2423333333	0.2991780822	0	0.0333333333
668	0	0.6004109589	0	0.05	0	0.242	0.2982191781	0	0.0333333333
669	0	0.5999315068	0	0.0496666667	0	0.2413333333	0.2971917808	0	0.0333333333
670	0	0.5995205479	0	0.049	0	0.241	0.2963013699	0	0.0333333333
671	0	0.5989726027	0	0.048	0	0.2403333333	0.2951369863	0	0.0333333333
672	0	0.5984246575	0	0.0476666667	0	0.2393333333	0.2939041096	0	0.0333333333
673	0	0.5982191781	0	0.0473333333	0	0.2383333333	0.2929452055	0	0.0333333333
674	0	0.597739726	0	0.0473333333	0	0.2373333333	0.2919178082	0	0.0333333333
675	0	0.5975342466	0	0.047	0	0.237	0.290890411	0	0.0333333333
676	0	0.5974657534	0	0.0463333333	0	0.2363333333	0.2897945205	0	0.0333333333
677	0	0.5973287671	0	0.046	0	0.236	0.2887671233	0	0.0333333333
678	0	0.5969178082	0	0.0456666667	0	0.2353333333	0.2878767123	0	0.0333333333
679	0	0.596369863	0	0.045	0	0.2346666667	0.2867808219	0	0.0333333333
680	0	0.5959589041	0	0.0446666667	0	0.2336666667	0.2856164384	0	0.0333333333
681	0	0.5956849315	0	0.0446666667	0	0.2326666667	0.2846575342	0	0.0333333333
682	0	0.5949315068	0	0.044	0	0.2316666667	0.283630137	0	0.0333333333
683	0	0.5943150685	0	0.044	0	0.231	0.2825342466	0	0.0333333333
684	0	0.5939041096	0	0.0436666667	0	0.2306666667	0.2815753425	0	0.0333333333
685	0	0.5934246575	0	0.0433333333	0	0.2296666667	0.2804794521	0	0.0333333333
686	0	0.5928767123	0	0.0433333333	0	0.2286666667	0.2795890411	0	0.0333333333
687	0	0.5923972603	0	0.043	0	0.2283333333	0.2784931507	0	0.0333333333
688	0	0.5917123288	0	0.0423333333	0	0.2273333333	0.2774657534	0	0.0333333333
689	0	0.5913013699	0	0.042	0	0.227	0.2763013699	0	0.0333333333
690	0	0.5905479452	0	0.042	0	0.2263333333	0.2751369863	0	0.0333333333
691	0	0.5902739726	0	0.0416666667	0	0.226	0.274109589	0	0.0333333333
692	0	0.5899315068	0	0.0416666667	0	0.2253333333	0.2730821918	0	0.0333333333
693	0	0.5894520548	0	0.0413333333	0	0.2246666667	0.2719863014	0	0.0333333333
694	0	0.5889041096	0	0.0413333333	0	0.224	0.2710958904	0	0.0333333333
695	0	0.5884246575	0	0.041	0	0.2226666667	0.27	0	0.0333333333
696	0	0.5878767123	0	0.0406666667	0	0.221	0.2687671233	0	0.0333333333
697	0	0.5870547945	0	0.0403333333	0	0.2203333333	0.2678082192	0	0.0333333333
698	0	0.5865068493	0	0.0403333333	0	0.22	0.2667123288	0	0.0333333333
699	0	0.585890411	0	0.0396666667	0	0.219	0.2655479452	0	0.0333333333
700	0	0.5858219178	0	0.0396666667	0	0.2183333333	0.2644520548	0	0.0333333333
701	0	0.5854109589	0	0.0393333333	0	0.2176666667	0.2635616438	0	0.0333333333
702	0	0.5851369863	0	0.039	0	0.2163333333	0.2625342466	0	0.0333333333
703	0	0.5847945205	0	0.039	0	0.2156666667	0.2614383562	0	0.0333333333
704	0	0.5844520548	0	0.039	0	0.2153333333	0.2603424658	0	0.0333333333
705	0	0.5838356164	0	0.0386666667	0	0.2143333333	0.2595205479	0	0.0333333333
706	0	0.5832191781	0	0.0383333333	0	0.214	0.2584246575	0	0.0333333333
707	0	0.5824657534	0	0.038	0	0.2133333333	0.2573287671	0	0.0333333333
708	0	0.5815753425	0	0.0376666667	0	0.2123333333	0.2564383562	0	0.0333333333
709	0	0.5812328767	0	0.0376666667	0	0.2123333333	0.2554794521	0	0.0333333333
710	0	0.5806849315	0	0.0373333333	0	0.2116666667	0.2544520548	0	0.0333333333
711	0	0.5802739726	0	0.037	0	0.2113333333	0.2532191781	0	0.0333333333
712	0	0.5797260274	0	0.037	0	0.211	0.2521232877	0	0.0333333333
713	0	0.579109589	0	0.0366666667	0	0.21	0.2511643836	0	0.0333333333
714	0	0.5782191781	0	0.0363333333	0	0.2093333333	0.2500684932	0	0.0333333333
715	0	0.5779452055	0	0.0363333333	0	0.2086666667	0.2489726027	0	0.0333333333
716	0	0.5773972603	0	0.0363333333	0	0.2083333333	0.2479452055	0	0.0333333333
717	0	0.5767808219	0	0.0363333333	0	0.2076666667	0.2469178082	0	0.0333333333
718	0	0.5763013699	0	0.036	0	0.2066666667	0.2459589041	0	0.0333333333
719	0	0.5760958904	0	0.0356666667	0	0.2056666667	0.2448630137	0	0.0333333333
720	0	0.5755479452	0	0.0356666667	0	0.2053333333	0.2437671233	0	0.0333333333
721	0	0.5750684932	0	0.0353333333	0	0.2043333333	0.2426712329	0	0.0333333333
722	0	0.5745890411	0	0.0353333333	0	0.2033333333	0.2415753425	0	0.0333333333
723	0	0.574109589	0	0.0353333333	0	0.2016666667	0.2405479452	0	0.0333333333
724	0	0.5739726027	0	0.0353333333	0	0.2016666667	0.2394520548	0	0.0333333333
725	0	0.5738356164	0	0.035	0	0.201	0.2384246575	0	0.0333333333
726	0	0.5730136986	0	0.035	0	0.2003333333	0.2374657534	0	0.0333333333
727	0	0.5726712329	0	0.035	0	0.2	0.236369863	0	0.0333333333
728	0	0.572260274	0	0.0346666667	0	0.1996666667	0.2351369863	0	0.0333333333
729	0	0.5719178082	0	0.0346666667	0	0.1996666667	0.2341780822	0	0.0333333333
730	0	0.5715753425	0	0.0346666667	0	0.1973333333	0.2330821918	0	0.0333333333
731	0	0.5709589041	0	0.0346666667	0	0.197	0.2319863014	0	0.0333333333
732	0	0.5705479452	0	0.0343333333	0	0.1966666667	0.2310958904	0	0.0333333333
733	0	0.5704794521	0	0.0343333333	0	0.1963333333	0.23	0	0.0333333333
734	0	0.5695205479	0	0.0343333333	0	0.196	0.2289726027	0	0.0333333333
735	0	0.5690410959	0	0.0343333333	0	0.1953333333	0.2278767123	0	0.0333333333
736	0	0.568630137	0	0.034	0	0.1946666667	0.2267123288	0	0.0333333333
737	0	0.5679452055	0	0.034	0	0.194	0.2256164384	0	0.0333333333
738	0	0.5674657534	0	0.0336666667	0	0.194	0.2246575342	0	0.0333333333
739	0	0.5664383562	0	0.0336666667	0	0.1933333333	0.2235616438	0	0.0333333333
740	0	0.5656164384	0	0.0336666667	0	0.193	0.2224657534	0	0.0333333333
741	0	0.5647945205	0	0.0336666667	0	0.192	0.2215068493	0	0.0333333333
742	0	0.5641780822	0	0.0336666667	0	0.191	0.2204794521	0	0.0333333333
743	0	0.5639041096	0	0.0336666667	0	0.191	0.2193835616	0	0.0333333333
744	0	0.5638356164	0	0.0333333333	0	0.1903333333	0.2182876712	0	0.0333333333
745	0	0.563630137	0	0.0333333333	0	0.1896666667	0.2173972603	0	0.0333333333
746	0	0.5632876712	0	0.0333333333	0	0.189	0.216369863	0	0.0333333333
747	0	0.5628082192	0	0.033	0	0.1883333333	0.2152054795	0	0.0333333333
748	0	0.5626712329	0	0.033	0	0.187	0.214109589	0	0.0333333333
749	0	0.5623287671	0	0.033	0	0.186	0.2130136986	0	0.0333333333
750	0	0.5617123288	0	0.033	0	0.185	0.2120547945	0	0.0333333333
751	0	0.560890411	0	0.033	0	0.1843333333	0.210890411	0	0.0333333333
752	0	0.5606164384	0	0.0326666667	0	0.1836666667	0.2097260274	0	0.0333333333
753	0	0.5598630137	0	0.0326666667	0	0.1826666667	0.2087671233	0	0.0333333333
754	0	0.5591780822	0	0.0326666667	0	0.1816666667	0.2076027397	0	0.0333333333
755	0	0.5584931507	0	0.0326666667	0	0.1806666667	0.206369863	0	0.0333333333
756	0	0.5576712329	0	0.0326666667	0	0.18	0.2054109589	0	0.0333333333
757	0	0.5571917808	0	0.0326666667	0	0.1796666667	0.2043835616	0	0.0333333333
758	0	0.5569178082	0	0.0326666667	0	0.1786666667	0.2035616438	0	0.0333333333
759	0	0.556369863	0	0.0326666667	0	0.1786666667	0.2023972603	0	0.0333333333
760	0	0.5556849315	0	0.0326666667	0	0.1776666667	0.2013013699	0	0.0333333333
761	0	0.5551369863	0	0.0323333333	0	0.1773333333	0.2002054795	0	0.0333333333
762	0	0.5547945205	0	0.0323333333	0	0.1763333333	0.199109589	0	0.0333333333
763	0	0.5542465753	0	0.0316666667	0	0.176	0.1980821918	0	0.0333333333
764	0	0.5537671233	0	0.0316666667	0	0.1756666667	0.1970547945	0	0.0333333333
765	0	0.5532876712	0	0.0313333333	0	0.175	0.1961643836	0	0.0333333333
766	0	0.5528767123	0	0.0313333333	0	0.1743333333	0.1952054795	0	0.0333333333
767	0	0.5523972603	0	0.031	0	0.1736666667	0.1940410959	0	0.0333333333
768	0	0.5515753425	0	0.031	0	0.1733333333	0.1928767123	0	0.0333333333
769	0	0.5513013699	0	0.0306666667	0	0.173	0.1918493151	0	0.0333333333
770	0	0.5510273973	0	0.0306666667	0	0.1723333333	0.190890411	0	0.0333333333
771	0	0.5504109589	0	0.0303333333	0	0.1716666667	0.1897260274	0	0.0333333333
772	0	0.5498630137	0	0.0303333333	0	0.1713333333	0.1886986301	0	0.0333333333
773	0	0.5495205479	0	0.0303333333	0	0.171	0.187739726	0	0.0333333333
774	0	0.5491780822	0	0.03	0	0.1703333333	0.1867808219	0	0.0333333333
775	0	0.5486986301	0	0.03	0	0.1696666667	0.1857534247	0	0.0333333333
776	0	0.5483561644	0	0.03	0	0.1686666667	0.1845890411	0	0.0333333333
777	0	0.5478767123	0	0.03	0	0.1683333333	0.1834931507	0	0.0333333333
778	0	0.5473972603	0	0.03	0	0.168	0.1823287671	0	0.0333333333
779	0	0.5471232877	0	0.03	0	0.1673333333	0.1813013699	0	0.0333333333
780	0	0.5468493151	0	0.03	0	0.167	0.1802054795	0	0.0333333333
781	0	0.5466438356	0	0.03	0	0.1666666667	0.1792465753	0	0.0333333333
782	0	0.545890411	0	0.03	0	0.1656666667	0.1782876712	0	0.0333333333
783	0	0.5455479452	0	0.03	0	0.1653333333	0.177260274	0	0.0333333333
784	0	0.5452739726	0	0.03	0	0.1643333333	0.1761643836	0	0.0333333333
785	0	0.5450684932	0	0.03	0	0.164	0.1751369863	0	0.0333333333
786	0	0.5447260274	0	0.03	0	0.164	0.1739041096	0	0.0333333333
787	0	0.5445205479	0	0.03	0	0.1636666667	0.1728082192	0	0.0333333333
788	0	0.5440410959	0	0.03	0	0.1633333333	0.1718493151	0	0.0333333333
789	0	0.5434931507	0	0.03	0	0.1626666667	0.1708219178	0	0.0333333333
790	0	0.5431506849	0	0.03	0	0.1626666667	0.17	0	0.0333333333
791	0	0.5428767123	0	0.03	0	0.1623333333	0.1689726027	0	0.0333333333
792	0	0.5421917808	0	0.03	0	0.161	0.1678082192	0	0.0333333333
793	0	0.5420547945	0	0.03	0	0.161	0.1667123288	0	0.0333333333
794	0	0.5416438356	0	0.03	0	0.16	0.1655479452	0	0.0333333333
795	0	0.5412328767	0	0.03	0	0.1596666667	0.1643150685	0	0.0333333333
796	0	0.540890411	0	0.03	0	0.1593333333	0.1634246575	0	0.0333333333
797	0	0.5399315068	0	0.03	0	0.1583333333	0.1625342466	0	0.0333333333
798	0	0.5394520548	0	0.03	0	0.158	0.1614383562	0	0.0333333333
799	0	0.5387671233	0	0.03	0	0.1573333333	0.1604109589	0	0.0333333333
800	0	0.5383561644	0	0.03	0	0.157	0.1591780822	0	0.0333333333
801	0	0.5378767123	0	0.03	0	0.1563333333	0.1580821918	0	0.0333333333
802	0	0.5373972603	0	0.03	0	0.156	0.1570547945	0	0.0333333333
803	0	0.5369178082	0	0.03	0	0.1556666667	0.1559589041	0	0.0333333333
804	0	0.5366438356	0	0.03	0	0.1553333333	0.1549315068	0	0.0333333333
805	0	0.5362328767	0	0.03	0	0.1553333333	0.1539726027	0	0.0333333333
806	0	0.5359589041	0	0.03	0	0.155	0.1528767123	0	0.0333333333
807	0	0.5356164384	0	0.03	0	0.1543333333	0.1518493151	0	0.0333333333
808	0	0.5352739726	0	0.03	0	0.1536666667	0.1506164384	0	0.0333333333
809	0	0.5349315068	0	0.03	0	0.1526666667	0.1497260274	0	0.0333333333
810	0	0.5347260274	0	0.03	0	0.1523333333	0.1486986301	0	0.0333333333
811	0	0.5343835616	0	0.03	0	0.152	0.1476027397	0	0.0333333333
812	0	0.5337671233	0	0.03	0	0.1516666667	0.1466438356	0	0.0333333333
813	0	0.5334931507	0	0.03	0	0.1513333333	0.1454794521	0	0.0333333333
814	0	0.5330821918	0	0.03	0	0.151	0.1445890411	0	0.0333333333
815	0	0.5326027397	0	0.03	0	0.1506666667	0.1434246575	0	0.0333333333
816	0	0.532260274	0	0.03	0	0.1503333333	0.1423287671	0	0.0333333333
817	0	0.5317808219	0	0.03	0	0.1496666667	0.141369863	0	0.0333333333
818	0	0.5312328767	0	0.03	0	0.149	0.1402739726	0	0.0333333333
819	0	0.5308219178	0	0.0293333333	0	0.1486666667	0.1391780822	0	0.0333333333
820	0	0.5298630137	0	0.0293333333	0	0.1483333333	0.1381506849	0	0.0333333333
821	0	0.5295205479	0	0.0293333333	0	0.148	0.1369863014	0	0.0333333333
822	0	0.5289726027	0	0.029	0	0.1476666667	0.1360273973	0	0.0333333333
823	0	0.5287671233	0	0.029	0	0.147	0.1348630137	0	0.0333333333
824	0	0.5282191781	0	0.029	0	0.1463333333	0.1336986301	0	0.0333333333
825	0	0.5279452055	0	0.029	0	0.146	0.1328082192	0	0.0333333333
826	0	0.5275342466	0	0.029	0	0.1456666667	0.1317123288	0	0.0333333333
827	0	0.527260274	0	0.0286666667	0	0.145	0.1306164384	0	0.0333333333
828	0	0.5267808219	0	0.0283333333	0	0.1446666667	0.1297945205	0	0.0333333333
829	0	0.5265068493	0	0.0283333333	0	0.1443333333	0.1285616438	0	0.0333333333
830	0	0.5257534247	0	0.0283333333	0	0.144	0.1278082192	0	0.0333333333
831	0	0.5253424658	0	0.0283333333	0	0.1433333333	0.1266438356	0	0.0333333333
832	0	0.5248630137	0	0.0283333333	0	0.143	0.1256164384	0	0.0333333333
833	0	0.5246575342	0	0.028	0	0.1426666667	0.1245890411	0	0.0333333333
834	0	0.524109589	0	0.028	0	0.1423333333	0.1235616438	0	0.0333333333
835	0	0.5238356164	0	0.028	0	0.142	0.1223972603	0	0.0333333333
836	0	0.523630137	0	0.028	0	0.1416666667	0.1214383562	0	0.0333333333
837	0	0.5232876712	0	0.028	0	0.141	0.1203424658	0	0.0333333333
838	0	0.5232191781	0	0.028	0	0.1403333333	0.1193835616	0	0.0333333333
839	0	0.5228082192	0	0.0273333333	0	0.1403333333	0.1181506849	0	0.0333333333
840	0	0.5223287671	0	0.0273333333	0	0.139	0.1171917808	0	0.0333333333
841	0	0.5221917808	0	0.0273333333	0	0.1376666667	0.1162328767	0	0.0333333333
842	0	0.5219863014	0	0.0273333333	0	0.137	0.1151369863	0	0.0333333333
843	0	0.5218493151	0	0.0273333333	0	0.137	0.1139726027	0	0.0333333333
844	0	0.5216438356	0	0.0273333333	0	0.136	0.1130136986	0	0.0333333333
845	0	0.5213013699	0	0.0273333333	0	0.135	0.1120547945	0	0.0333333333
846	0	0.5209589041	0	0.0273333333	0	0.1343333333	0.1110273973	0	0.0333333333
847	0	0.5206849315	0	0.027	0	0.1333333333	0.1098630137	0	0.0333333333
848	0	0.5201369863	0	0.027	0	0.133	0.1088356164	0	0.0333333333
849	0	0.5197945205	0	0.027	0	0.1323333333	0.1079452055	0	0.0333333333
850	0	0.519109589	0	0.027	0	0.132	0.1067808219	0	0.0333333333
851	0	0.5184246575	0	0.027	0	0.1313333333	0.1055479452	0	0.0333333333
852	0	0.5180136986	0	0.0266666667	0	0.1306666667	0.1045205479	0	0.0333333333
853	0	0.5174657534	0	0.0266666667	0	0.13	0.1034931507	0	0.0333333333
854	0	0.5170547945	0	0.0266666667	0	0.13	0.1024657534	0	0.0333333333
855	0	0.5165068493	0	0.0266666667	0	0.1296666667	0.1013013699	0	0.0333333333
856	0	0.5160958904	0	0.0266666667	0	0.129	0.1003424658	0	0.0333333333
857	0	0.515890411	0	0.0266666667	0	0.1283333333	0.0993835616	0	0.0333333333
858	0	0.515	0	0.0263333333	0	0.128	0.0983561644	0	0.0333333333
859	0	0.5143835616	0	0.0263333333	0	0.1276666667	0.0971232877	0	0.0333333333
860	0	0.514109589	0	0.0263333333	0	0.1276666667	0.0961643836	0	0.0333333333
861	0	0.5139041096	0	0.0263333333	0	0.1266666667	0.0951369863	0	0.0333333333
862	0	0.5135616438	0	0.0263333333	0	0.1266666667	0.094109589	0	0.0333333333
863	0	0.5133561644	0	0.026	0	0.1263333333	0.0930821918	0	0.0333333333
864	0	0.5129452055	0	0.026	0	0.1253333333	0.0920547945	0	0.0333333333
865	0	0.5126712329	0	0.0253333333	0	0.1253333333	0.0911643836	0	0.0333333333
866	0	0.5118493151	0	0.025	0	0.125	0.0901369863	0	0.0333333333
867	0	0.5115068493	0	0.025	0	0.125	0.0887671233	0	0.0333333333
868	0	0.5110273973	0	0.0246666667	0	0.1243333333	0.087739726	0	0.0333333333
869	0	0.510890411	0	0.0246666667	0	0.1236666667	0.0868493151	0	0.0333333333
870	0	0.5102054795	0	0.0243333333	0	0.123	0.085890411	0	0.0333333333
871	0	0.5094520548	0	0.0243333333	0	0.1226666667	0.0846575342	0	0.0333333333
872	0	0.5090410959	0	0.0243333333	0	0.1223333333	0.083630137	0	0.0333333333
873	0	0.5086986301	0	0.024	0	0.122	0.0826712329	0	0.0333333333
874	0	0.5082876712	0	0.024	0	0.1216666667	0.0815753425	0	0.0333333333
875	0	0.5079452055	0	0.0236666667	0	0.121	0.0802739726	0	0.0333333333
876	0	0.5071232877	0	0.0236666667	0	0.1206666667	0.0791780822	0	0.0333333333
877	0	0.5066438356	0	0.023	0	0.1203333333	0.0782876712	0	0.0333333333
878	0	0.5062328767	0	0.0226666667	0	0.1196666667	0.0774657534	0	0.0333333333
879	0	0.5054794521	0	0.0226666667	0	0.1196666667	0.0760958904	0	0.0333333333
880	0	0.5052054795	0	0.0226666667	0	0.1193333333	0.075	0	0.0333333333
881	0	0.5047945205	0	0.022	0	0.119	0.074109589	0	0.0333333333
882	0	0.5043150685	0	0.0216666667	0	0.119	0.0730821918	0	0.0333333333
883	0	0.5039726027	0	0.0216666667	0	0.1186666667	0.0718493151	0	0.0333333333
884	0	0.5031506849	0	0.0216666667	0	0.1183333333	0.0708219178	0	0.0333333333
885	0	0.5026712329	0	0.0216666667	0	0.1176666667	0.0697260274	0	0.0333333333
886	0	0.5024657534	0	0.0213333333	0	0.1176666667	0.0689041096	0	0.0333333333
887	0	0.5020547945	0	0.0213333333	0	0.1173333333	0.0675342466	0	0.0333333333
888	0	0.5015068493	0	0.0213333333	0	0.117	0.0664383562	0	0.0333333333
889	0	0.5010958904	0	0.021	0	0.1166666667	0.0655479452	0	0.0333333333
890	0	0.5004109589	0	0.02	0	0.1163333333	0.0645205479	0	0.0333333333
891	0	0.5001369863	0	0.02	0	0.1156666667	0.0634246575	0	0.0333333333
892	0	0.4997260274	0	0.0196666667	0	0.1156666667	0.0623287671	0	0.0333333333
893	0	0.4991780822	0	0.0196666667	0	0.1153333333	0.0612328767	0	0.0333333333
894	0	0.4984931507	0	0.0183333333	0	0.115	0.0603424658	0	0.0333333333
895	0	0.4980136986	0	0.0173333333	0	0.1143333333	0.0592465753	0	0.0333333333
896	0	0.4976712329	0	0.017	0	0.1136666667	0.0580821918	0	0.0333333333
897	0	0.4974657534	0	0.0163333333	0	0.113	0.0571917808	0	0.0333333333
898	0	0.4967808219	0	0.0156666667	0	0.113	0.0562328767	0	0.0333333333
899	0	0.4960273973	0	0.0156666667	0	0.1126666667	0.055	0	0.0333333333
900	0	0.4958219178	0	0.015	0	0.1123333333	0.0541780822	0	0.0333333333
901	0	0.4958219178	0	0.015	0	0.1123333333	0.0531506849	0	0.0333333333
902	0	0.4955479452	0	0.0143333333	0	0.1116666667	0.0523287671	0	0.0333333333
903	0	0.4951369863	0	0.0136666667	0	0.1113333333	0.0510958904	0	0.0333333333
904	0	0.4945205479	0	0.0133333333	0	0.111	0.05	0	0.0333333333
905	0	0.4939726027	0	0.0126666667	0	0.1103333333	0.0490410959	0	0.0333333333
906	0	0.4936986301	0	0.0123333333	0	0.11	0.0480136986	0	0.0333333333
907	0	0.4932876712	0	0.012	0	0.1093333333	0.0468493151	0	0.0333333333
908	0	0.4930136986	0	0.0116666667	0	0.109	0.0458219178	0	0.0333333333
909	0	0.4926712329	0	0.0116666667	0	0.1083333333	0.0449315068	0	0.0333333333
910	0	0.4923972603	0	0.0113333333	0	0.107	0.0439726027	0	0.0333333333
911	0	0.4917123288	0	0.0113333333	0	0.1066666667	0.0426027397	0	0.0333333333
912	0	0.4911643836	0	0.0106666667	0	0.1063333333	0.0414383562	0	0.0333333333
913	0	0.4907534247	0	0.01	0	0.106	0.0404794521	0	0.0333333333
914	0	0.4901369863	0	0.0096666667	0	0.1056666667	0.0394520548	0	0.0333333333
915	0	0.4897260274	0	0.0096666667	0	0.105	0.0381506849	0	0.0333333333
916	0	0.489109589	0	0.009	0	0.1046666667	0.037260274	0	0.0333333333
917	0	0.4886986301	0	0.0086666667	0	0.1043333333	0.0362328767	0	0.0333333333
918	0	0.4880136986	0	0.0083333333	0	0.104	0.0353424658	0	0.0333333333
919	0	0.4874657534	0	0.008	0	0.103	0.034109589	0	0.0333333333
920	0	0.4871232877	0	0.008	0	0.103	0.0329452055	0	0.0333333333
921	0	0.4865068493	0	0.0076666667	0	0.1026666667	0.0319863014	0	0.0333333333
922	0	0.4860273973	0	0.0073333333	0	0.1023333333	0.0309589041	0	0.0333333333
923	0	0.4854794521	0	0.0063333333	0	0.1016666667	0.0297260274	0	0.0333333333
924	0	0.4853424658	0	0.006	0	0.101	0.0288356164	0	0.0333333333
925	0	0.4850684932	0	0.006	0	0.1006666667	0.027739726	0	0.0333333333
926	0	0.4848630137	0	0.0056666667	0	0.1003333333	0.0267808219	0	0.0333333333
927	0	0.4843835616	0	0.0053333333	0	0.0996666667	0.0256164384	0	0.0333333333
928	0	0.4838356164	0	0.005	0	0.099	0.0245205479	0	0.0333333333
929	0	0.4835616438	0	0.0046666667	0	0.0986666667	0.0235616438	0	0.0333333333
930	0	0.4831506849	0	0.0046666667	0	0.0983333333	0.0226027397	0	0.0333333333
931	0	0.4828082192	0	0.0046666667	0	0.0976666667	0.0215068493	0	0.0333333333
932	0	0.4823287671	0	0.0046666667	0	0.0973333333	0.0204794521	0	0.0333333333
933	0	0.4818493151	0	0.0046666667	0	0.0963333333	0.0194520548	0	0.0333333333
934	0	0.4815068493	0	0.0043333333	0	0.0963333333	0.0182876712	0	0.0333333333
935	0	0.4811643836	0	0.004	0	0.096	0.017260274	0	0.0333333333
936	0	0.480890411	0	0.004	0	0.0956666667	0.0159589041	0	0.0333333333
937	0	0.4805479452	0	0.004	0	0.0953333333	0.0151369863	0	0.0333333333
938	0	0.4802739726	0	0.0036666667	0	0.095	0.0141780822	0	0.0333333333
939	0	0.4795205479	0	0.0036666667	0	0.095	0.0130136986	0	0.0333333333
940	0	0.4793835616	0	0.0036666667	0	0.0946666667	0.0120547945	0	0.0333333333
941	0	0.479109589	0	0.0033333333	0	0.0946666667	0.0109589041	0	0.0333333333
942	0	0.4789041096	0	0.0033333333	0	0.094	0.0100684932	0	0.0333333333
943	0	0.4784246575	0	0.0033333333	0	0.0933333333	0.0089726027	0	0.0333333333
944	0	0.4780821918	0	0.0033333333	0	0.0933333333	0.0079452055	0	0.0333333333
945	0	0.4778082192	0	0.0033333333	0	0.0926666667	0.0071917808	0	0.0333333333
946	0	0.4769863014	0	0.0033333333	0	0.0916666667	0.0064383562	0	0.0333333333
947	0	0.4769178082	0	0.0033333333	0	0.0913333333	0.0054794521	0	0.0333333333
948	0	0.4768493151	0	0.003	0	0.091	0.0047260274	0	0.0333333333
949	0	0.4760958904	0	0.0026666667	0	0.0903333333	0.0040410959	0	0.0333333333
950	0	0.4757534247	0	0.0026666667	0	0.0896666667	0.0034931507	0	0.0333333333
951	0	0.4753424658	0	0.0026666667	0	0.0893333333	0.0026712329	0	0.0333333333
952	0	0.475	0	0.0023333333	0	0.089	0.0017808219	0	0.0333333333
953	0	0.4745205479	0	0.0023333333	0	0.0883333333	0.0013013699	0	0.0333333333
954	0	0.4739726027	0	0.0023333333	0	0.0876666667	0.0008219178	0	0.0333333333
955	0	0.473630137	0	0.0023333333	0	0.0873333333	0.0004794521	0	0.0333333333
956	0	0.4732191781	0	0.0023333333	0	0.087	0.0004109589	0	0.0333333333
957	0	0.4728767123	0	0.0023333333	0	0.0863333333	0.0001369863	0	0.0333333333
958	0	0.4723287671	0	0.0023333333	0	0.086	0.0001369863	0	0.0333333333
959	0	0.4721232877	0	0.002	0	0.085	6.84931506849315E-05	0	0.0333333333
960	0	0.4717808219	0	0.002	0	0.085	0	0	0.0333333333
961	0	0.4713013699	0	0.002	0	0.084	0	0	0.0333333333
962	0	0.4706849315	0	0.002	0	0.0836666667	0	0	0.0333333333
963	0	0.4703424658	0	0.002	0	0.083	0	0	0.0333333333
964	0	0.4697945205	0	0.002	0	0.0826666667	0	0	0.0333333333
965	0	0.4695205479	0	0.0016666667	0	0.0823333333	0	0	0.0333333333
966	0	0.4692465753	0	0.0016666667	0	0.082	0	0	0.0333333333
967	0	0.4687671233	0	0.0016666667	0	0.0816666667	0	0	0.0333333333
968	0	0.4684246575	0	0.0016666667	0	0.0813333333	0	0	0.0333333333
969	0	0.4680821918	0	0.0016666667	0	0.081	0	0	0.0333333333
970	0	0.4676712329	0	0.0016666667	0	0.0806666667	0	0	0.0333333333
971	0	0.467260274	0	0.0013333333	0	0.0803333333	0	0	0.0333333333
972	0	0.4667808219	0	0.0013333333	0	0.08	0	0	0.0333333333
973	0	0.4664383562	0	0.0013333333	0	0.0796666667	0	0	0.0333333333
974	0	0.465890411	0	0.0013333333	0	0.0793333333	0	0	0.0333333333
975	0	0.4654109589	0	0.001	0	0.0793333333	0	0	0.0333333333
976	0	0.4652739726	0	0.001	0	0.079	0	0	0.0333333333
977	0	0.4651369863	0	0.001	0	0.079	0	0	0.0333333333
978	0	0.4646575342	0	0.001	0	0.0786666667	0	0	0.0333333333
979	0	0.4643150685	0	0.001	0	0.0776666667	0	0	0.0333333333
980	0	0.4638356164	0	0.001	0	0.0773333333	0	0	0.0333333333
981	0	0.4635616438	0	0.001	0	0.077	0	0	0.0333333333
982	0	0.4633561644	0	0.001	0	0.0763333333	0	0	0.0333333333
983	0	0.4628767123	0	0.001	0	0.076	0	0	0.0333333333
984	0	0.462739726	0	0.001	0	0.0756666667	0	0	0.0333333333
985	0	0.462260274	0	0.001	0	0.0753333333	0	0	0.0333333333
986	0	0.4619863014	0	0.001	0	0.075	0	0	0.0333333333
987	0	0.461369863	0	0.001	0	0.075	0	0	0.0333333333
988	0	0.4612328767	0	0.001	0	0.0743333333	0	0	0.0333333333
989	0	0.4609589041	0	0.001	0	0.0736666667	0	0	0.0333333333
990	0	0.4606164384	0	0.001	0	0.0736666667	0	0	0.0333333333
991	0	0.4599315068	0	0.001	0	0.0733333333	0	0	0.0333333333
992	0	0.4595890411	0	0.001	0	0.073	0	0	0.0333333333
993	0	0.4589041096	0	0.001	0	0.0726666667	0	0	0.0333333333
994	0	0.4586986301	0	0.001	0	0.0723333333	0	0	0.0333333333
995	0	0.4584246575	0	0.001	0	0.0723333333	0	0	0.0333333333
996	0	0.4581506849	0	0.0003333333	0	0.072	0	0	0.0333333333
997	0	0.457739726	0	0.0003333333	0	0.0716666667	0	0	0.0333333333
998	0	0.457260274	0	0.0003333333	0	0.0716666667	0	0	0.0333333333
999	0	0.4567808219	0	0	0	0.0713333333	0	0	0.0333333333
1000	0	0.4565068493	0	0	0	0.071	0	0	0.0333333333
