k	5.10	5.15	5.20	10.20	10.30	15.30	courses	sushi	skate	14.9
0	1	1	1	1	1	1	1	1	1	1
1	1	1	1	1	1	1	1	1	1	1
2	1	1	1	1	1	1	1	1	1	1
3	1	1	1	1	1	1	1	1	1	1
4	0.899	0.94	0.946	1	1	1	1	1	1	1
5	0.892	0.916	0.936	1	1	1	1	1	1	1
6	0.868	0.8973333333	0.931	1	1	1	1	1	1	1
7	0.852	0.8913333333	0.9215	1	1	1	1	1	1	1
8	0.829	0.8793333333	0.914	1	1	1	0.9953424658	1	1	1
9	0.803	0.8713333333	0.8955	0.977	0.978	1	0.9926712329	0.9743333333	1	1
10	0.793	0.858	0.886	0.952	0.965	1	0.9920547945	0.9693333333	1	1
11	0.774	0.848	0.871	0.9455	0.9626666667	1	0.9915753425	0.9646666667	1	1
12	0.743	0.832	0.8625	0.943	0.9626666667	1	0.9908219178	0.9613333333	1	1
13	0.728	0.8253333333	0.847	0.942	0.961	1	0.9897945205	0.958	0.9866666667	0.9755555556
14	0.709	0.8126666667	0.8425	0.9395	0.9593333333	0.9831	0.9889041096	0.956	0.9588888889	0.9588888889
15	0.675	0.8086666667	0.8315	0.936	0.9583333333	0.9773	0.9875342466	0.9533333333	0.9188888889	0.9311111111
16	0.656	0.8026666667	0.819	0.929	0.9566666667	0.9715	0.9855479452	0.9496666667	0.8977777778	0.9044444444
17	0.651	0.7913333333	0.807	0.9265	0.9526666667	0.9682333333	0.9845890411	0.9453333333	0.8877777778	0.8922222222
18	0.636	0.778	0.7995	0.922	0.951	0.9645666667	0.9838356164	0.9393333333	0.8744444444	0.8888888889
19	0.603	0.7606666667	0.7925	0.917	0.95	0.9639333333	0.9830136986	0.9336666667	0.8711111111	0.8755555556
20	0.585	0.7446666667	0.786	0.91	0.9456666667	0.9631666667	0.9817808219	0.931	0.8677777778	0.8733333333
21	0.557	0.7433333333	0.7725	0.9075	0.9443333333	0.9628666667	0.9807534247	0.926	0.8622222222	0.8711111111
22	0.534	0.7253333333	0.7585	0.9015	0.94	0.9622666667	0.9794520548	0.9213333333	0.8577777778	0.8711111111
23	0.522	0.7173333333	0.753	0.898	0.9383333333	0.9618333333	0.9784931507	0.9166666667	0.8466666667	0.87
24	0.498	0.698	0.7465	0.895	0.9336666667	0.9612333333	0.977260274	0.9136666667	0.8355555556	0.8688888889
25	0.487	0.6846666667	0.7325	0.892	0.9303333333	0.9603	0.976369863	0.9086666667	0.8133333333	0.8655555556
26	0.469	0.6706666667	0.721	0.888	0.9253333333	0.9596	0.9754794521	0.9053333333	0.7966666667	0.86
27	0.459	0.6513333333	0.711	0.8845	0.9233333333	0.9579333333	0.9741780822	0.902	0.7855555556	0.8555555556
28	0.456	0.6366666667	0.7	0.881	0.92	0.9559333333	0.9730136986	0.8993333333	0.7777777778	0.8555555556
29	0.437	0.6313333333	0.691	0.8765	0.918	0.9545666667	0.9717123288	0.8966666667	0.76	0.8533333333
30	0.431	0.6146666667	0.681	0.8715	0.9163333333	0.9528	0.9707534247	0.894	0.7544444444	0.8455555556
31	0.418	0.592	0.6695	0.8695	0.9143333333	0.9509	0.9695205479	0.887	0.7488888889	0.8377777778
32	0.412	0.574	0.6555	0.866	0.9103333333	0.9474666667	0.9686986301	0.8816666667	0.7444444444	0.8288888889
33	0.398	0.5606666667	0.6485	0.8615	0.908	0.9453666667	0.967260274	0.877	0.7377777778	0.8177777778
34	0.392	0.546	0.64	0.8565	0.9013333333	0.9438333333	0.9660273973	0.8706666667	0.7288888889	0.8022222222
35	0.383	0.5273333333	0.631	0.852	0.9006666667	0.9421666667	0.9647945205	0.867	0.7222222222	0.7977777778
36	0.365	0.5153333333	0.6195	0.852	0.8986666667	0.9395666667	0.9637671233	0.8646666667	0.7044444444	0.7877777778
37	0.35	0.5013333333	0.612	0.849	0.8946666667	0.9361333333	0.9630136986	0.8606666667	0.6811111111	0.7866666667
38	0.333	0.4993333333	0.589	0.841	0.8913333333	0.9333333333	0.9621917808	0.8583333333	0.6744444444	0.7822222222
39	0.317	0.488	0.5865	0.833	0.8906666667	0.9290333333	0.9610273973	0.8546666667	0.6655555556	0.7788888889
40	0.301	0.4766666667	0.575	0.828	0.8893333333	0.9287	0.9600684932	0.8496666667	0.6488888889	0.77
41	0.292	0.4673333333	0.5735	0.828	0.8876666667	0.9277333333	0.9583561644	0.845	0.6411111111	0.7677777778
42	0.281	0.4573333333	0.561	0.8255	0.8856666667	0.9263333333	0.9573287671	0.8406666667	0.6366666667	0.7655555556
43	0.255	0.4446666667	0.55	0.823	0.8813333333	0.9245666667	0.956369863	0.838	0.6311111111	0.7622222222
44	0.248	0.4326666667	0.536	0.8195	0.88	0.9239666667	0.9553424658	0.8343333333	0.6233333333	0.7588888889
45	0.231	0.4246666667	0.5325	0.809	0.8763333333	0.9210333333	0.9543150685	0.8326666667	0.6144444444	0.7488888889
46	0.226	0.4073333333	0.526	0.7995	0.874	0.919	0.9534246575	0.8296666667	0.6077777778	0.7422222222
47	0.207	0.3973333333	0.518	0.792	0.8666666667	0.9163	0.952260274	0.8276666667	0.5977777778	0.7322222222
48	0.2	0.39	0.509	0.787	0.865	0.9147333333	0.9513013699	0.8223333333	0.5855555556	0.7233333333
49	0.195	0.3846666667	0.5075	0.784	0.865	0.9126	0.9497945205	0.818	0.5633333333	0.7155555556
50	0.195	0.3686666667	0.487	0.7795	0.863	0.9115333333	0.9489726027	0.8123333333	0.5522222222	0.7122222222
51	0.182	0.3633333333	0.4795	0.776	0.861	0.9105333333	0.947739726	0.809	0.5422222222	0.7111111111
52	0.178	0.358	0.47	0.7755	0.8596666667	0.9096333333	0.9465753425	0.8046666667	0.5311111111	0.7088888889
53	0.175	0.3413333333	0.462	0.7725	0.858	0.9073	0.9455479452	0.8026666667	0.5222222222	0.7044444444
54	0.167	0.3373333333	0.4535	0.768	0.855	0.9060666667	0.9448630137	0.8003333333	0.5155555556	0.7011111111
55	0.157	0.3313333333	0.4495	0.7575	0.8533333333	0.9038333333	0.9438356164	0.7976666667	0.5088888889	0.69
56	0.143	0.33	0.4435	0.753	0.849	0.9032	0.9423972603	0.796	0.5011111111	0.6733333333
57	0.134	0.32	0.422	0.7485	0.8456666667	0.9022	0.9410958904	0.794	0.4922222222	0.6711111111
58	0.124	0.3073333333	0.4185	0.742	0.8406666667	0.9010666667	0.9402739726	0.7926666667	0.4777777778	0.6655555556
59	0.118	0.3006666667	0.4155	0.7405	0.8356666667	0.8957	0.9391780822	0.7903333333	0.4644444444	0.66
60	0.106	0.288	0.4025	0.738	0.833	0.8915333333	0.9380136986	0.7873333333	0.4511111111	0.6566666667
61	0.098	0.2773333333	0.396	0.737	0.8306666667	0.8893	0.9369863014	0.783	0.4411111111	0.6488888889
62	0.082	0.2706666667	0.391	0.732	0.8283333333	0.8876	0.9358219178	0.781	0.43	0.6311111111
63	0.069	0.2666666667	0.3795	0.729	0.8276666667	0.885	0.9346575342	0.7753333333	0.4222222222	0.6277777778
64	0.057	0.2533333333	0.3785	0.7255	0.824	0.8823333333	0.9332191781	0.7733333333	0.41	0.6233333333
65	0.05	0.25	0.3725	0.7185	0.823	0.8818333333	0.9319863014	0.77	0.4011111111	0.6222222222
66	0.048	0.2386666667	0.36	0.715	0.8203333333	0.8815666667	0.9310958904	0.7653333333	0.3911111111	0.62
67	0.039	0.2353333333	0.3545	0.712	0.8203333333	0.8799666667	0.9298630137	0.7586666667	0.3822222222	0.6144444444
68	0.032	0.2293333333	0.343	0.7075	0.8186666667	0.8776333333	0.9286986301	0.7543333333	0.3722222222	0.6022222222
69	0.027	0.214	0.339	0.7045	0.8186666667	0.8764666667	0.9278082192	0.7496666667	0.36	0.5988888889
70	0.02	0.202	0.3355	0.7015	0.818	0.8760666667	0.9268493151	0.747	0.3455555556	0.5966666667
71	0.013	0.186	0.3335	0.6965	0.8173333333	0.8754333333	0.9259589041	0.7416666667	0.3333333333	0.5966666667
72	0.012	0.178	0.3265	0.6925	0.8146666667	0.8734333333	0.9246575342	0.7373333333	0.3266666667	0.5844444444
73	0.008	0.1713333333	0.317	0.6905	0.8106666667	0.8712666667	0.9236986301	0.736	0.3177777778	0.58
74	0.004	0.1586666667	0.312	0.6865	0.806	0.8704	0.9226712329	0.7306666667	0.31	0.5777777778
75	0.003	0.1546666667	0.309	0.677	0.8026666667	0.8688666667	0.9215068493	0.7253333333	0.2988888889	0.5766666667
76	0	0.136	0.303	0.6705	0.8023333333	0.8684	0.9202054795	0.7186666667	0.2922222222	0.5733333333
77	0	0.128	0.2925	0.6655	0.798	0.8669666667	0.9191780822	0.7143333333	0.28	0.57
78	0	0.118	0.2845	0.661	0.7963333333	0.8649333333	0.9183561644	0.708	0.2666666667	0.57
79	0	0.1146666667	0.276	0.6565	0.7946666667	0.8632666667	0.9176027397	0.704	0.2555555556	0.57
80	0	0.1006666667	0.276	0.654	0.794	0.8613333333	0.916369863	0.701	0.2433333333	0.5655555556
81	0	0.0906666667	0.271	0.6515	0.791	0.8613333333	0.9153424658	0.6963333333	0.2333333333	0.5522222222
82	0	0.0873333333	0.265	0.6475	0.787	0.858	0.9141780822	0.693	0.2211111111	0.5455555556
83	0	0.084	0.2545	0.6465	0.784	0.855	0.9130821918	0.6896666667	0.21	0.5366666667
84	0	0.0773333333	0.2475	0.646	0.7786666667	0.8494333333	0.9119863014	0.6883333333	0.2011111111	0.5355555556
85	0	0.0713333333	0.236	0.646	0.7766666667	0.8467666667	0.9109589041	0.682	0.1933333333	0.5333333333
86	0	0.068	0.231	0.646	0.7763333333	0.8441	0.9099315068	0.6793333333	0.1855555556	0.53
87	0	0.06	0.229	0.644	0.7683333333	0.8415	0.9089041096	0.675	0.1777777778	0.5277777778
88	0	0.05	0.2195	0.6385	0.7683333333	0.8405666667	0.907739726	0.67	0.17	0.5222222222
89	0	0.048	0.215	0.637	0.768	0.8403	0.9066438356	0.6646666667	0.16	0.52
90	0	0.0426666667	0.2135	0.635	0.764	0.8388	0.9055479452	0.6593333333	0.1455555556	0.5144444444
91	0	0.04	0.2035	0.6295	0.7613333333	0.8379333333	0.9045205479	0.6546666667	0.1355555556	0.51
92	0	0.0366666667	0.2005	0.621	0.759	0.8378	0.9034246575	0.6506666667	0.1211111111	0.5066666667
93	0	0.0366666667	0.196	0.6125	0.7563333333	0.8369333333	0.9023287671	0.6466666667	0.1088888889	0.5055555556
94	0	0.0326666667	0.19	0.609	0.753	0.8368666667	0.9010958904	0.6426666667	0.1	0.5055555556
95	0	0.0266666667	0.187	0.608	0.7483333333	0.834	0.9000684932	0.636	0.09	0.5011111111
96	0	0.0213333333	0.179	0.6065	0.7466666667	0.8311	0.8989726027	0.6323333333	0.0788888889	0.5011111111
97	0	0.0213333333	0.174	0.605	0.7453333333	0.83	0.8978767123	0.6273333333	0.07	0.5011111111
98	0	0.0186666667	0.1675	0.603	0.7423333333	0.8283	0.8966438356	0.6233333333	0.0644444444	0.4977777778
99	0	0.0186666667	0.166	0.6005	0.741	0.8258666667	0.8956849315	0.6196666667	0.0555555556	0.4888888889
100	0	0.0133333333	0.152	0.5955	0.74	0.8237666667	0.8945205479	0.6166666667	0.0466666667	0.4788888889
101	0	0.0133333333	0.144	0.5945	0.7393333333	0.8218333333	0.8934931507	0.6123333333	0.0377777778	0.4788888889
102	0	0.0093333333	0.135	0.5935	0.7336666667	0.8208333333	0.892260274	0.6086666667	0.0288888889	0.4788888889
103	0	0.008	0.1305	0.59	0.732	0.8190333333	0.891369863	0.604	0.0222222222	0.4777777778
104	0	0.0066666667	0.1235	0.589	0.7293333333	0.8174	0.8902054795	0.602	0.0155555556	0.47
105	0	0.0066666667	0.12	0.584	0.7286666667	0.8112333333	0.8891780822	0.6	0.0088888889	0.47
106	0	0.0053333333	0.1165	0.579	0.7263333333	0.8095333333	0.8880821918	0.598	0.0077777778	0.4677777778
107	0	0.0053333333	0.1095	0.572	0.725	0.8080333333	0.8869863014	0.5946666667	0.0044444444	0.4622222222
108	0	0.004	0.1075	0.5695	0.7196666667	0.8077666667	0.8859589041	0.5883333333	0.0011111111	0.4611111111
109	0	0.0013333333	0.102	0.5685	0.719	0.8063333333	0.885	0.5856666667	0	0.46
110	0	0.0013333333	0.0975	0.565	0.7183333333	0.8056666667	0.8840410959	0.5796666667	0	0.4588888889
111	0	0.0013333333	0.094	0.562	0.7103333333	0.8045666667	0.8832191781	0.577	0	0.4566666667
112	0	0.0013333333	0.092	0.559	0.7073333333	0.8044	0.8819863014	0.5716666667	0	0.4511111111
113	0	0.0013333333	0.0855	0.555	0.7066666667	0.7994	0.880890411	0.5676666667	0	0.4511111111
114	0	0.0013333333	0.0845	0.552	0.704	0.7973333333	0.8797260274	0.564	0	0.4477777778
115	0	0.0013333333	0.0805	0.5465	0.6986666667	0.7964333333	0.8786986301	0.562	0	0.4455555556
116	0	0.0006666667	0.0745	0.5435	0.698	0.7963333333	0.8775342466	0.5553333333	0	0.4444444444
117	0	0.0006666667	0.0705	0.541	0.6963333333	0.796	0.8766438356	0.552	0	0.4444444444
118	0	0.0006666667	0.067	0.5385	0.6956666667	0.7947666667	0.8756164384	0.5476666667	0	0.4388888889
119	0	0	0.064	0.5355	0.694	0.7944	0.8746575342	0.54	0	0.4355555556
120	0	0	0.0615	0.5295	0.691	0.7929333333	0.8734246575	0.5356666667	0	0.4322222222
121	0	0	0.0585	0.5255	0.6896666667	0.7924666667	0.8723287671	0.5316666667	0	0.4311111111
122	0	0	0.058	0.5225	0.687	0.7910666667	0.8710273973	0.528	0	0.4277777778
123	0	0	0.0525	0.519	0.6863333333	0.7910666667	0.8699315068	0.5256666667	0	0.4266666667
124	0	0	0.0495	0.5155	0.6853333333	0.7899	0.8688356164	0.5226666667	0	0.4233333333
125	0	0	0.0485	0.512	0.6836666667	0.7851333333	0.8678082192	0.5193333333	0	0.4233333333
126	0	0	0.0435	0.5105	0.6823333333	0.7843	0.8667808219	0.516	0	0.42
127	0	0	0.038	0.51	0.6793333333	0.7843	0.8657534247	0.5123333333	0	0.4122222222
128	0	0	0.0335	0.5085	0.6756666667	0.7829666667	0.8646575342	0.5083333333	0	0.41
129	0	0	0.031	0.5085	0.6736666667	0.7804333333	0.8632876712	0.5046666667	0	0.4066666667
130	0	0	0.03	0.5085	0.6706666667	0.7804333333	0.8621232877	0.5	0	0.4044444444
131	0	0	0.0225	0.507	0.6686666667	0.7792	0.8609589041	0.494	0	0.4011111111
132	0	0	0.021	0.5015	0.6646666667	0.7781666667	0.8598630137	0.4896666667	0	0.3977777778
133	0	0	0.0195	0.497	0.6623333333	0.7756666667	0.8589041096	0.481	0	0.3955555556
134	0	0	0.0175	0.4965	0.662	0.7699	0.8578767123	0.478	0	0.3955555556
135	0	0	0.0165	0.4965	0.66	0.7699	0.8569863014	0.4756666667	0	0.3955555556
136	0	0	0.016	0.496	0.6563333333	0.7690333333	0.855890411	0.4726666667	0	0.3933333333
137	0	0	0.0155	0.491	0.655	0.7679	0.8548630137	0.4696666667	0	0.3922222222
138	0	0	0.012	0.4895	0.6516666667	0.7676	0.8539041096	0.4676666667	0	0.3911111111
139	0	0	0.0115	0.4835	0.65	0.7672666667	0.8525342466	0.4636666667	0	0.3888888889
140	0	0	0.009	0.4785	0.6493333333	0.7600333333	0.851369863	0.459	0	0.3855555556
141	0	0	0.007	0.476	0.643	0.7578	0.8504794521	0.4573333333	0	0.3844444444
142	0	0	0.004	0.4745	0.6386666667	0.7575333333	0.8497260274	0.453	0	0.3844444444
143	0	0	0.003	0.4695	0.634	0.7542	0.8489041096	0.4496666667	0	0.3844444444
144	0	0	0.003	0.467	0.633	0.7523	0.847739726	0.4453333333	0	0.3811111111
145	0	0	0.003	0.4625	0.6296666667	0.7506333333	0.8469178082	0.4406666667	0	0.3766666667
146	0	0	0.0025	0.459	0.627	0.7497666667	0.845890411	0.4363333333	0	0.3755555556
147	0	0	0.0015	0.456	0.6256666667	0.7472333333	0.8445205479	0.4323333333	0	0.37
148	0	0	0.001	0.4525	0.623	0.7469	0.8434246575	0.429	0	0.3677777778
149	0	0	0.001	0.4505	0.6206666667	0.7462666667	0.8423972603	0.4256666667	0	0.3622222222
150	0	0	0.001	0.446	0.6203333333	0.7454333333	0.8414383562	0.423	0	0.3622222222
151	0	0	0.001	0.442	0.6193333333	0.7440666667	0.8406849315	0.4203333333	0	0.3611111111
152	0	0	0.0005	0.441	0.617	0.7429666667	0.8396575342	0.417	0	0.3577777778
153	0	0	0	0.4385	0.613	0.7424	0.838630137	0.4133333333	0	0.3533333333
154	0	0	0	0.434	0.608	0.7418333333	0.8376027397	0.409	0	0.35
155	0	0	0	0.428	0.6063333333	0.7415666667	0.836369863	0.4056666667	0	0.3466666667
156	0	0	0	0.426	0.6053333333	0.7404333333	0.8353424658	0.4006666667	0	0.3433333333
157	0	0	0	0.4235	0.6043333333	0.7376666667	0.8342465753	0.399	0	0.3422222222
158	0	0	0	0.419	0.6033333333	0.7353333333	0.8332191781	0.3956666667	0	0.3388888889
159	0	0	0	0.4155	0.6016666667	0.7345	0.8321232877	0.3916666667	0	0.3355555556
160	0	0	0	0.4125	0.599	0.7337	0.8309589041	0.3896666667	0	0.3333333333
161	0	0	0	0.4105	0.5986666667	0.7333333333	0.8299315068	0.385	0	0.33
162	0	0	0	0.4085	0.5923333333	0.7325	0.8289041096	0.38	0	0.3266666667
163	0	0	0	0.4	0.589	0.7298666667	0.827739726	0.376	0	0.3255555556
164	0	0	0	0.398	0.5883333333	0.7259666667	0.8266438356	0.3723333333	0	0.3244444444
165	0	0	0	0.395	0.585	0.7256333333	0.8256849315	0.3683333333	0	0.3211111111
166	0	0	0	0.3935	0.5833333333	0.7252666667	0.8247260274	0.3666666667	0	0.3155555556
167	0	0	0	0.392	0.5826666667	0.7235	0.8236986301	0.3656666667	0	0.3122222222
168	0	0	0	0.3875	0.582	0.7221666667	0.8225342466	0.364	0	0.31
169	0	0	0	0.386	0.582	0.7211333333	0.8215068493	0.3613333333	0	0.3088888889
170	0	0	0	0.386	0.5786666667	0.7207333333	0.8204794521	0.3576666667	0	0.3088888889
171	0	0	0	0.3825	0.5753333333	0.7191	0.8195205479	0.3543333333	0	0.3044444444
172	0	0	0	0.3805	0.5716666667	0.7179666667	0.8182876712	0.351	0	0.3022222222
173	0	0	0	0.379	0.5666666667	0.7171666667	0.8173972603	0.347	0	0.2988888889
174	0	0	0	0.378	0.5666666667	0.7142333333	0.8165068493	0.3433333333	0	0.2955555556
175	0	0	0	0.375	0.5643333333	0.7133	0.8156849315	0.3386666667	0	0.2955555556
176	0	0	0	0.373	0.5606666667	0.7111666667	0.8145205479	0.337	0	0.2933333333
177	0	0	0	0.37	0.558	0.7082333333	0.8134246575	0.3343333333	0	0.2922222222
178	0	0	0	0.368	0.5546666667	0.7077666667	0.8123287671	0.331	0	0.29
179	0	0	0	0.3665	0.5543333333	0.7071	0.8113013699	0.328	0	0.2855555556
180	0	0	0	0.3625	0.5526666667	0.7064	0.8105479452	0.3256666667	0	0.2844444444
181	0	0	0	0.357	0.551	0.7024333333	0.8093835616	0.3243333333	0	0.2822222222
182	0	0	0	0.354	0.548	0.7014	0.8083561644	0.3216666667	0	0.2788888889
183	0	0	0	0.352	0.547	0.6999666667	0.8073287671	0.3186666667	0	0.2788888889
184	0	0	0	0.3485	0.5433333333	0.6995333333	0.8060958904	0.3156666667	0	0.2766666667
185	0	0	0	0.3465	0.542	0.6985	0.8049315068	0.314	0	0.2744444444
186	0	0	0	0.343	0.5373333333	0.6978666667	0.8040410959	0.313	0	0.2722222222
187	0	0	0	0.34	0.5323333333	0.6974666667	0.8030136986	0.3123333333	0	0.2722222222
188	0	0	0	0.334	0.5296666667	0.6974666667	0.8019863014	0.3093333333	0	0.27
189	0	0	0	0.3325	0.5276666667	0.6974666667	0.8010273973	0.3073333333	0	0.2677777778
190	0	0	0	0.3315	0.5263333333	0.6946	0.8000684932	0.304	0	0.2677777778
191	0	0	0	0.329	0.5236666667	0.6929333333	0.7989041096	0.301	0	0.2666666667
192	0	0	0	0.3245	0.523	0.6921	0.7978767123	0.2966666667	0	0.2633333333
193	0	0	0	0.3215	0.523	0.6912666667	0.7966438356	0.2933333333	0	0.2611111111
194	0	0	0	0.321	0.5216666667	0.6912666667	0.7958219178	0.2913333333	0	0.26
195	0	0	0	0.32	0.521	0.6905666667	0.7945890411	0.2903333333	0	0.26
196	0	0	0	0.316	0.5186666667	0.6894333333	0.793630137	0.289	0	0.2577777778
197	0	0	0	0.315	0.5156666667	0.6891	0.7926027397	0.2863333333	0	0.2566666667
198	0	0	0	0.3145	0.5133333333	0.6885333333	0.7915753425	0.2846666667	0	0.2544444444
199	0	0	0	0.312	0.5063333333	0.6882	0.7905479452	0.283	0	0.2522222222
200	0	0	0	0.312	0.5023333333	0.6875	0.7896575342	0.281	0	0.2488888889
201	0	0	0	0.311	0.501	0.6858333333	0.788630137	0.2783333333	0	0.2433333333
202	0	0	0	0.308	0.4993333333	0.6855333333	0.7874657534	0.2776666667	0	0.2388888889
203	0	0	0	0.307	0.4973333333	0.6855333333	0.7863013699	0.274	0	0.2333333333
204	0	0	0	0.304	0.4973333333	0.6855333333	0.7854109589	0.272	0	0.2333333333
205	0	0	0	0.3015	0.4936666667	0.6844	0.7845890411	0.271	0	0.2322222222
206	0	0	0	0.3005	0.493	0.6828333333	0.7835616438	0.2693333333	0	0.23
207	0	0	0	0.2995	0.493	0.6825	0.7825342466	0.2673333333	0	0.2277777778
208	0	0	0	0.2975	0.4926666667	0.6795666667	0.7813013699	0.265	0	0.2233333333
209	0	0	0	0.2965	0.4906666667	0.6794666667	0.7802054795	0.2616666667	0	0.22
210	0	0	0	0.2955	0.4906666667	0.6764666667	0.7790410959	0.2556666667	0	0.2177777778
211	0	0	0	0.294	0.4893333333	0.6758	0.777739726	0.253	0	0.2133333333
212	0	0	0	0.292	0.4866666667	0.6698666667	0.7767808219	0.2513333333	0	0.2111111111
213	0	0	0	0.292	0.485	0.6687666667	0.7757534247	0.249	0	0.2088888889
214	0	0	0	0.2895	0.4843333333	0.6679	0.7747945205	0.2476666667	0	0.2088888889
215	0	0	0	0.2885	0.4833333333	0.6669666667	0.7736986301	0.246	0	0.2055555556
216	0	0	0	0.287	0.4813333333	0.666	0.7726027397	0.2443333333	0	0.2011111111
217	0	0	0	0.2865	0.48	0.6653666667	0.7716438356	0.2423333333	0	0.1977777778
218	0	0	0	0.285	0.478	0.6644333333	0.7705479452	0.241	0	0.1955555556
219	0	0	0	0.2835	0.475	0.6644	0.7692465753	0.2396666667	0	0.1955555556
220	0	0	0	0.2825	0.4726666667	0.6631666667	0.7682191781	0.238	0	0.1933333333
221	0	0	0	0.282	0.4696666667	0.6615666667	0.7673972603	0.2353333333	0	0.1877777778
222	0	0	0	0.2785	0.4676666667	0.6598	0.7664383562	0.2333333333	0	0.1866666667
223	0	0	0	0.2755	0.4676666667	0.6591	0.7651369863	0.232	0	0.1855555556
224	0	0	0	0.2755	0.4676666667	0.6569	0.7644520548	0.2283333333	0	0.1811111111
225	0	0	0	0.2755	0.465	0.6552333333	0.7633561644	0.2266666667	0	0.1755555556
226	0	0	0	0.274	0.4643333333	0.6523	0.7624657534	0.2243333333	0	0.1733333333
227	0	0	0	0.2705	0.4623333333	0.6498333333	0.7610958904	0.223	0	0.1711111111
228	0	0	0	0.267	0.459	0.6491	0.7600684932	0.222	0	0.17
229	0	0	0	0.2655	0.458	0.6462333333	0.7590410959	0.2196666667	0	0.17
230	0	0	0	0.2645	0.4566666667	0.6448	0.7580136986	0.2173333333	0	0.1677777778
231	0	0	0	0.2625	0.4553333333	0.6419	0.7568493151	0.2166666667	0	0.1644444444
232	0	0	0	0.261	0.4543333333	0.6405666667	0.7560958904	0.2163333333	0	0.1622222222
233	0	0	0	0.2585	0.4536666667	0.6389333333	0.7547945205	0.2153333333	0	0.1588888889
234	0	0	0	0.258	0.4533333333	0.6386333333	0.7539041096	0.2136666667	0	0.1555555556
235	0	0	0	0.2555	0.4523333333	0.6375333333	0.7528767123	0.2126666667	0	0.1533333333
236	0	0	0	0.2535	0.4493333333	0.6372	0.7517808219	0.211	0	0.15
237	0	0	0	0.2535	0.446	0.6361666667	0.7508219178	0.2096666667	0	0.15
238	0	0	0	0.251	0.4436666667	0.6343	0.7497945205	0.2083333333	0	0.1466666667
239	0	0	0	0.249	0.4423333333	0.6320666667	0.7487671233	0.2063333333	0	0.1422222222
240	0	0	0	0.247	0.442	0.6305	0.7479452055	0.2043333333	0	0.14
241	0	0	0	0.2465	0.4366666667	0.6291666667	0.7466438356	0.204	0	0.1355555556
242	0	0	0	0.245	0.4333333333	0.6262	0.7455479452	0.2033333333	0	0.1344444444
243	0	0	0	0.2405	0.4326666667	0.6248333333	0.7445205479	0.2016666667	0	0.1333333333
244	0	0	0	0.239	0.4316666667	0.6247333333	0.7435616438	0.201	0	0.13
245	0	0	0	0.2375	0.4303333333	0.6247333333	0.7424657534	0.201	0	0.1288888889
246	0	0	0	0.236	0.4273333333	0.6239333333	0.7415068493	0.2006666667	0	0.1255555556
247	0	0	0	0.234	0.4273333333	0.6233333333	0.7402054795	0.199	0	0.1222222222
248	0	0	0	0.234	0.4253333333	0.6231	0.7393150685	0.1986666667	0	0.1188888889
249	0	0	0	0.2335	0.4213333333	0.6220666667	0.7380821918	0.198	0	0.1177777778
250	0	0	0	0.232	0.4186666667	0.6220666667	0.7370547945	0.1976666667	0	0.1166666667
251	0	0	0	0.231	0.4163333333	0.621	0.7359589041	0.1973333333	0	0.1144444444
252	0	0	0	0.229	0.414	0.6186333333	0.7349315068	0.1973333333	0	0.1144444444
253	0	0	0	0.228	0.413	0.6132333333	0.7339041096	0.196	0	0.1133333333
254	0	0	0	0.2265	0.4103333333	0.6113666667	0.7330136986	0.1956666667	0	0.11
255	0	0	0	0.2245	0.4083333333	0.6106333333	0.7318493151	0.195	0	0.1066666667
256	0	0	0	0.224	0.4076666667	0.6099333333	0.730890411	0.1943333333	0	0.1055555556
257	0	0	0	0.224	0.406	0.6095666667	0.7299315068	0.193	0	0.1033333333
258	0	0	0	0.2225	0.404	0.6060666667	0.7286986301	0.192	0	0.1033333333
259	0	0	0	0.221	0.401	0.6039333333	0.7276712329	0.1913333333	0	0.1022222222
260	0	0	0	0.2195	0.3993333333	0.6024333333	0.7266438356	0.191	0	0.1022222222
261	0	0	0	0.2195	0.3986666667	0.6004666667	0.7254794521	0.19	0	0.1011111111
262	0	0	0	0.2185	0.3966666667	0.6002666667	0.7245890411	0.1893333333	0	0.0988888889
263	0	0	0	0.2165	0.3946666667	0.5990666667	0.7235616438	0.189	0	0.0988888889
264	0	0	0	0.2155	0.393	0.5982	0.7226712329	0.189	0	0.0988888889
265	0	0	0	0.214	0.392	0.5977666667	0.7215068493	0.1886666667	0	0.0955555556
266	0	0	0	0.213	0.3906666667	0.5977666667	0.7203424658	0.1883333333	0	0.0944444444
267	0	0	0	0.211	0.39	0.5977666667	0.7191780822	0.1873333333	0	0.0933333333
268	0	0	0	0.2085	0.39	0.5976	0.7181506849	0.187	0	0.0922222222
269	0	0	0	0.2075	0.3883333333	0.5976	0.7171232877	0.1866666667	0	0.0911111111
270	0	0	0	0.204	0.3873333333	0.5972666667	0.7161643836	0.1853333333	0	0.0877777778
271	0	0	0	0.2035	0.3866666667	0.5972666667	0.715	0.184	0	0.0855555556
272	0	0	0	0.2025	0.3836666667	0.5972666667	0.714109589	0.184	0	0.0844444444
273	0	0	0	0.201	0.3816666667	0.5968	0.7129452055	0.1826666667	0	0.0844444444
274	0	0	0	0.1995	0.3786666667	0.5934666667	0.7119178082	0.1823333333	0	0.0822222222
275	0	0	0	0.1975	0.3776666667	0.5920666667	0.7106849315	0.182	0	0.0788888889
276	0	0	0	0.1965	0.3746666667	0.5897333333	0.7096575342	0.1816666667	0	0.0777777778
277	0	0	0	0.195	0.3733333333	0.5894333333	0.7085616438	0.181	0	0.0777777778
278	0	0	0	0.193	0.37	0.5894333333	0.7076027397	0.181	0	0.0777777778
279	0	0	0	0.19	0.3686666667	0.5884666667	0.7065753425	0.1803333333	0	0.0766666667
280	0	0	0	0.188	0.3676666667	0.5869333333	0.7056164384	0.1796666667	0	0.0755555556
281	0	0	0	0.185	0.3653333333	0.5830333333	0.7044520548	0.179	0	0.0733333333
282	0	0	0	0.1835	0.365	0.5824666667	0.7033561644	0.178	0	0.0733333333
283	0	0	0	0.18	0.3643333333	0.5824	0.7021232877	0.1773333333	0	0.0733333333
284	0	0	0	0.18	0.3626666667	0.5815666667	0.7010273973	0.177	0	0.0711111111
285	0	0	0	0.177	0.359	0.5814333333	0.7000684932	0.1763333333	0	0.0711111111
286	0	0	0	0.176	0.3576666667	0.5811	0.6990410959	0.1756666667	0	0.07
287	0	0	0	0.174	0.3556666667	0.5807666667	0.6980821918	0.1756666667	0	0.07
288	0	0	0	0.1715	0.3556666667	0.5779666667	0.6971917808	0.173	0	0.0677777778
289	0	0	0	0.17	0.3546666667	0.5751	0.6962328767	0.1726666667	0	0.0666666667
290	0	0	0	0.1685	0.3546666667	0.5744333333	0.6949315068	0.171	0	0.0655555556
291	0	0	0	0.1655	0.3536666667	0.5742666667	0.6939041096	0.1703333333	0	0.0655555556
292	0	0	0	0.1635	0.3523333333	0.5739333333	0.6929452055	0.1693333333	0	0.0644444444
293	0	0	0	0.1615	0.3516666667	0.5735333333	0.6917808219	0.1686666667	0	0.0644444444
294	0	0	0	0.16	0.3503333333	0.5731666667	0.6906849315	0.168	0	0.0633333333
295	0	0	0	0.1585	0.3496666667	0.5727	0.6895205479	0.1673333333	0	0.0622222222
296	0	0	0	0.155	0.348	0.5691666667	0.6886986301	0.166	0	0.0622222222
297	0	0	0	0.154	0.3453333333	0.5688333333	0.687739726	0.165	0	0.0622222222
298	0	0	0	0.154	0.344	0.5646	0.6866438356	0.163	0	0.0611111111
299	0	0	0	0.1515	0.3436666667	0.5632666667	0.6855479452	0.162	0	0.06
300	0	0	0	0.1505	0.3426666667	0.562	0.6845890411	0.16	0	0.06
301	0	0	0	0.149	0.341	0.5601333333	0.6834931507	0.1576666667	0	0.0588888889
302	0	0	0	0.1465	0.34	0.5594666667	0.682260274	0.1556666667	0	0.0588888889
303	0	0	0	0.146	0.339	0.5587	0.6812328767	0.1543333333	0	0.0577777778
304	0	0	0	0.145	0.3383333333	0.5566333333	0.6801369863	0.153	0	0.0577777778
305	0	0	0	0.144	0.3383333333	0.5556333333	0.6790410959	0.151	0	0.0566666667
306	0	0	0	0.1425	0.338	0.5552666667	0.6780136986	0.149	0	0.0566666667
307	0	0	0	0.1415	0.335	0.5547333333	0.6768493151	0.147	0	0.0555555556
308	0	0	0	0.141	0.334	0.5521666667	0.6759589041	0.1446666667	0	0.0533333333
309	0	0	0	0.1375	0.3326666667	0.5512	0.6747945205	0.142	0	0.0533333333
310	0	0	0	0.137	0.332	0.5503666667	0.6737671233	0.1396666667	0	0.0522222222
311	0	0	0	0.135	0.3316666667	0.5501	0.672739726	0.138	0	0.0511111111
312	0	0	0	0.1335	0.329	0.5487666667	0.6720547945	0.136	0	0.0511111111
313	0	0	0	0.132	0.3256666667	0.5484333333	0.6706849315	0.1336666667	0	0.05
314	0	0	0	0.1315	0.3243333333	0.5475333333	0.6698630137	0.132	0	0.0488888889
315	0	0	0	0.1305	0.324	0.5465333333	0.668630137	0.1296666667	0	0.0477777778
316	0	0	0	0.1305	0.3233333333	0.5463666667	0.667739726	0.1276666667	0	0.0477777778
317	0	0	0	0.129	0.322	0.5446333333	0.6664383562	0.1256666667	0	0.0466666667
318	0	0	0	0.128	0.321	0.5435666667	0.6654109589	0.1236666667	0	0.0444444444
319	0	0	0	0.127	0.32	0.5425666667	0.6643150685	0.1216666667	0	0.0444444444
320	0	0	0	0.1265	0.32	0.5407	0.6631506849	0.1196666667	0	0.0433333333
321	0	0	0	0.125	0.319	0.5407	0.6619863014	0.118	0	0.0433333333
322	0	0	0	0.1205	0.3173333333	0.5398666667	0.6612328767	0.116	0	0.0422222222
323	0	0	0	0.1185	0.316	0.5395	0.6600684932	0.114	0	0.0411111111
324	0	0	0	0.1185	0.3146666667	0.5384	0.6591780822	0.111	0	0.04
325	0	0	0	0.117	0.3146666667	0.5379666667	0.6578767123	0.1076666667	0	0.0377777778
326	0	0	0	0.1165	0.3123333333	0.5366	0.6566438356	0.106	0	0.0377777778
327	0	0	0	0.116	0.3116666667	0.5358666667	0.6556164384	0.1033333333	0	0.0366666667
328	0	0	0	0.1155	0.311	0.535	0.6547260274	0.1006666667	0	0.0366666667
329	0	0	0	0.1145	0.31	0.534	0.6536986301	0.0986666667	0	0.0355555556
330	0	0	0	0.1115	0.3086666667	0.5324	0.652739726	0.0966666667	0	0.0344444444
331	0	0	0	0.111	0.3073333333	0.5318333333	0.6516438356	0.0943333333	0	0.0344444444
332	0	0	0	0.111	0.306	0.5304666667	0.6506164384	0.0923333333	0	0.0344444444
333	0	0	0	0.1105	0.3033333333	0.5300333333	0.6496575342	0.0906666667	0	0.0333333333
334	0	0	0	0.109	0.3023333333	0.5293	0.6482876712	0.0876666667	0	0.0333333333
335	0	0	0	0.1085	0.3016666667	0.5267	0.647260274	0.0846666667	0	0.0333333333
336	0	0	0	0.107	0.301	0.5266666667	0.6462328767	0.0826666667	0	0.0333333333
337	0	0	0	0.1055	0.2993333333	0.5256	0.6451369863	0.0803333333	0	0.0333333333
338	0	0	0	0.104	0.2983333333	0.5251333333	0.6441780822	0.078	0	0.0322222222
339	0	0	0	0.101	0.2966666667	0.5244666667	0.6430821918	0.0766666667	0	0.0322222222
340	0	0	0	0.1	0.295	0.524	0.6420547945	0.0753333333	0	0.0322222222
341	0	0	0	0.0995	0.2946666667	0.5229333333	0.6410958904	0.0726666667	0	0.0322222222
342	0	0	0	0.0985	0.2936666667	0.5211	0.6398630137	0.07	0	0.0311111111
343	0	0	0	0.098	0.293	0.5209333333	0.638630137	0.069	0	0.0311111111
344	0	0	0	0.0965	0.292	0.5207	0.6376027397	0.0673333333	0	0.0311111111
345	0	0	0	0.096	0.292	0.5198	0.6364383562	0.0663333333	0	0.0311111111
346	0	0	0	0.094	0.291	0.5186	0.6356164384	0.0653333333	0	0.0311111111
347	0	0	0	0.093	0.29	0.5174666667	0.6343835616	0.0636666667	0	0.0311111111
348	0	0	0	0.091	0.2893333333	0.5172	0.6335616438	0.061	0	0.0311111111
349	0	0	0	0.0895	0.2863333333	0.5168333333	0.6326027397	0.0586666667	0	0.0311111111
350	0	0	0	0.088	0.2856666667	0.5165666667	0.6315068493	0.0563333333	0	0.0311111111
351	0	0	0	0.0875	0.2826666667	0.5164	0.6304109589	0.0546666667	0	0.03
352	0	0	0	0.0855	0.2826666667	0.5149333333	0.6291780822	0.0536666667	0	0.03
353	0	0	0	0.083	0.2826666667	0.5120666667	0.6281506849	0.0513333333	0	0.03
354	0	0	0	0.0815	0.2816666667	0.5113333333	0.6271917808	0.0493333333	0	0.03
355	0	0	0	0.079	0.281	0.5113333333	0.6260273973	0.0476666667	0	0.03
356	0	0	0	0.078	0.2793333333	0.5108666667	0.625	0.046	0	0.0288888889
357	0	0	0	0.0755	0.2776666667	0.5099666667	0.6239726027	0.0446666667	0	0.0288888889
358	0	0	0	0.0745	0.2766666667	0.5094666667	0.6229452055	0.043	0	0.0288888889
359	0	0	0	0.0735	0.276	0.5093666667	0.6218493151	0.041	0	0.0288888889
360	0	0	0	0.0735	0.2746666667	0.5089333333	0.6209589041	0.0356666667	0	0.0277777778
361	0	0	0	0.0715	0.2743333333	0.5081666667	0.6198630137	0.0333333333	0	0.0277777778
362	0	0	0	0.0715	0.273	0.5059666667	0.6189726027	0.0306666667	0	0.0266666667
363	0	0	0	0.0705	0.2723333333	0.5045666667	0.6178082192	0.0286666667	0	0.0266666667
364	0	0	0	0.067	0.2693333333	0.5038	0.6169178082	0.0276666667	0	0.0266666667
365	0	0	0	0.0655	0.269	0.5029333333	0.615890411	0.0263333333	0	0.0266666667
366	0	0	0	0.0645	0.2666666667	0.5025333333	0.6147260274	0.025	0	0.0244444444
367	0	0	0	0.063	0.266	0.5016	0.613630137	0.0233333333	0	0.0233333333
368	0	0	0	0.062	0.265	0.501	0.6126027397	0.022	0	0.0233333333
369	0	0	0	0.062	0.2633333333	0.4995333333	0.6113013699	0.0196666667	0	0.0233333333
370	0	0	0	0.0615	0.263	0.4984	0.6102739726	0.0163333333	0	0.0233333333
371	0	0	0	0.061	0.262	0.4974	0.6090410959	0.014	0	0.0222222222
372	0	0	0	0.061	0.261	0.4963333333	0.6082191781	0.0113333333	0	0.0222222222
373	0	0	0	0.0595	0.2596666667	0.4950333333	0.6071232877	0.0106666667	0	0.0188888889
374	0	0	0	0.0585	0.258	0.4947	0.6059589041	0.01	0	0.0188888889
375	0	0	0	0.057	0.2543333333	0.4937333333	0.6047945205	0.009	0	0.0188888889
376	0	0	0	0.054	0.2516666667	0.4929666667	0.6040410959	0.008	0	0.0177777778
377	0	0	0	0.053	0.2503333333	0.4924333333	0.6026712329	0.0073333333	0	0.0177777778
378	0	0	0	0.052	0.2493333333	0.4903	0.6017808219	0.0066666667	0	0.0177777778
379	0	0	0	0.0505	0.2483333333	0.4895	0.6006164384	0.006	0	0.0177777778
380	0	0	0	0.049	0.247	0.4882333333	0.5997260274	0.0046666667	0	0.0177777778
381	0	0	0	0.0475	0.2463333333	0.4865333333	0.5985616438	0.0036666667	0	0.0177777778
382	0	0	0	0.047	0.2446666667	0.4860666667	0.5973972603	0.0033333333	0	0.0177777778
383	0	0	0	0.0455	0.244	0.4856	0.5962328767	0.0023333333	0	0.0166666667
384	0	0	0	0.0435	0.2436666667	0.4845666667	0.5952054795	0.0016666667	0	0.0166666667
385	0	0	0	0.041	0.2426666667	0.4829	0.5939726027	0.0013333333	0	0.0166666667
386	0	0	0	0.04	0.2423333333	0.4824666667	0.5931506849	0.0013333333	0	0.0166666667
387	0	0	0	0.0395	0.2413333333	0.4805	0.5921232877	0.0013333333	0	0.0166666667
388	0	0	0	0.0375	0.2396666667	0.4805	0.5912328767	0.0013333333	0	0.0166666667
389	0	0	0	0.037	0.239	0.4798666667	0.5901369863	0.001	0	0.0166666667
390	0	0	0	0.037	0.2373333333	0.4791	0.5890410959	0.0006666667	0	0.0155555556
391	0	0	0	0.037	0.2356666667	0.4783666667	0.5880821918	0.0003333333	0	0.0155555556
392	0	0	0	0.0365	0.235	0.4771	0.5869863014	0	0	0.0155555556
393	0	0	0	0.036	0.233	0.4755	0.5857534247	0	0	0.0144444444
394	0	0	0	0.0355	0.233	0.475	0.585	0	0	0.0144444444
395	0	0	0	0.034	0.2313333333	0.4741	0.5838356164	0	0	0.0144444444
396	0	0	0	0.0335	0.2303333333	0.4736333333	0.5828767123	0	0	0.0144444444
397	0	0	0	0.033	0.2286666667	0.4725	0.5816438356	0	0	0.0144444444
398	0	0	0	0.032	0.2266666667	0.4714666667	0.5805479452	0	0	0.0144444444
399	0	0	0	0.031	0.2253333333	0.4707	0.5795205479	0	0	0.0133333333
400	0	0	0	0.031	0.2233333333	0.4692666667	0.5783561644	0	0	0.0122222222
401	0	0	0	0.0305	0.223	0.4675666667	0.5773287671	0	0	0.0122222222
402	0	0	0	0.0285	0.2213333333	0.4665333333	0.5765068493	0	0	0.01
403	0	0	0	0.028	0.221	0.4654333333	0.5753424658	0	0	0.01
404	0	0	0	0.0275	0.22	0.4646666667	0.5743835616	0	0	0.01
405	0	0	0	0.0265	0.2183333333	0.4638333333	0.5732191781	0	0	0.0088888889
406	0	0	0	0.026	0.2173333333	0.4632	0.5720547945	0	0	0.0066666667
407	0	0	0	0.025	0.2163333333	0.4619333333	0.5710273973	0	0	0.0066666667
408	0	0	0	0.0245	0.2156666667	0.4597333333	0.5698630137	0	0	0.0066666667
409	0	0	0	0.0235	0.2153333333	0.4588333333	0.5687671233	0	0	0.0066666667
410	0	0	0	0.0235	0.214	0.4567666667	0.5678767123	0	0	0.0066666667
411	0	0	0	0.0225	0.213	0.4548666667	0.5667123288	0	0	0.0066666667
412	0	0	0	0.0215	0.2123333333	0.4528666667	0.5655479452	0	0	0.0066666667
413	0	0	0	0.0215	0.21	0.4523	0.5645205479	0	0	0.0055555556
414	0	0	0	0.0205	0.21	0.4504333333	0.5633561644	0	0	0.0055555556
415	0	0	0	0.019	0.209	0.4503666667	0.5623287671	0	0	0.0055555556
416	0	0	0	0.018	0.2083333333	0.4491333333	0.561369863	0	0	0.0055555556
417	0	0	0	0.018	0.2076666667	0.448	0.5604109589	0	0	0.0044444444
418	0	0	0	0.0165	0.2063333333	0.4458333333	0.5593835616	0	0	0.0044444444
419	0	0	0	0.0155	0.206	0.4450333333	0.5582191781	0	0	0.0044444444
420	0	0	0	0.015	0.2053333333	0.4435333333	0.557260274	0	0	0.0044444444
421	0	0	0	0.0135	0.2036666667	0.4418333333	0.5561643836	0	0	0.0044444444
422	0	0	0	0.0135	0.2036666667	0.4407666667	0.5549315068	0	0	0.0044444444
423	0	0	0	0.013	0.2036666667	0.4403	0.5540410959	0	0	0.0044444444
424	0	0	0	0.0125	0.2026666667	0.4390666667	0.5530821918	0	0	0.0033333333
425	0	0	0	0.0115	0.202	0.4372666667	0.5518493151	0	0	0.0033333333
426	0	0	0	0.0105	0.2006666667	0.4364333333	0.5510958904	0	0	0.0022222222
427	0	0	0	0.0105	0.2003333333	0.4352	0.55	0	0	0.0022222222
428	0	0	0	0.0095	0.2003333333	0.4345	0.5487671233	0	0	0.0022222222
429	0	0	0	0.0085	0.1983333333	0.4337666667	0.5476712329	0	0	0.0011111111
430	0	0	0	0.0085	0.197	0.4333333333	0.5466438356	0	0	0.0011111111
431	0	0	0	0.008	0.1963333333	0.4327666667	0.5453424658	0	0	0.0011111111
432	0	0	0	0.0075	0.1953333333	0.4325	0.5444520548	0	0	0.0011111111
433	0	0	0	0.0075	0.194	0.4317333333	0.5434931507	0	0	0.0011111111
434	0	0	0	0.0055	0.193	0.4314333333	0.5423972603	0	0	0.0011111111
435	0	0	0	0.004	0.192	0.4309666667	0.5414383562	0	0	0.0011111111
436	0	0	0	0.0035	0.1906666667	0.4301333333	0.5403424658	0	0	0.0011111111
437	0	0	0	0.003	0.1886666667	0.4296	0.5393150685	0	0	0.0011111111
438	0	0	0	0.003	0.188	0.429	0.5382876712	0	0	0.0011111111
439	0	0	0	0.003	0.1866666667	0.4280666667	0.5371232877	0	0	0.0011111111
440	0	0	0	0.003	0.1863333333	0.4279333333	0.5362328767	0	0	0.0011111111
441	0	0	0	0.003	0.1846666667	0.4273333333	0.5352054795	0	0	0.0011111111
442	0	0	0	0.003	0.184	0.4267333333	0.5341780822	0	0	0.0011111111
443	0	0	0	0.0025	0.1833333333	0.426	0.5332191781	0	0	0.0011111111
444	0	0	0	0.002	0.183	0.4245	0.5319863014	0	0	0.0011111111
445	0	0	0	0.002	0.182	0.4239333333	0.5308219178	0	0	0.0011111111
446	0	0	0	0.002	0.1806666667	0.4231	0.5297945205	0	0	0.0011111111
447	0	0	0	0.002	0.1796666667	0.4224666667	0.5286986301	0	0	0.0011111111
448	0	0	0	0.002	0.1793333333	0.4222333333	0.5278082192	0	0	0.0011111111
449	0	0	0	0.002	0.1786666667	0.4208	0.5267123288	0	0	0.0011111111
450	0	0	0	0.002	0.1786666667	0.4202333333	0.5256849315	0	0	0.0011111111
451	0	0	0	0.0015	0.1776666667	0.4195	0.5245890411	0	0	0.0011111111
452	0	0	0	0.0015	0.1756666667	0.4182	0.5237671233	0	0	0.0011111111
453	0	0	0	0.0015	0.1746666667	0.4173666667	0.5225342466	0	0	0.0011111111
454	0	0	0	0.0015	0.1723333333	0.4154	0.5215068493	0	0	0.0011111111
455	0	0	0	0.0015	0.172	0.4146333333	0.5203424658	0	0	0.0011111111
456	0	0	0	0.0015	0.1716666667	0.4142666667	0.5195205479	0	0	0.0011111111
457	0	0	0	0.001	0.17	0.4131333333	0.5184931507	0	0	0.0011111111
458	0	0	0	0.001	0.1686666667	0.4124	0.5173972603	0	0	0.0011111111
459	0	0	0	0.001	0.1676666667	0.4122333333	0.516369863	0	0	0.0011111111
460	0	0	0	0.001	0.1673333333	0.4118666667	0.5154109589	0	0	0.0011111111
461	0	0	0	0.001	0.167	0.4116	0.514109589	0	0	0.0011111111
462	0	0	0	0.001	0.1666666667	0.4105666667	0.5131506849	0	0	0.0011111111
463	0	0	0	0.0005	0.1656666667	0.4105	0.512260274	0	0	0.0011111111
464	0	0	0	0	0.1643333333	0.4088	0.5110958904	0	0	0.0011111111
465	0	0	0	0	0.1616666667	0.4081333333	0.5099315068	0	0	0.0011111111
466	0	0	0	0	0.161	0.4073	0.5088356164	0	0	0.0011111111
467	0	0	0	0	0.1603333333	0.4066666667	0.5076712329	0	0	0.0011111111
468	0	0	0	0	0.158	0.4060666667	0.5068493151	0	0	0.0011111111
469	0	0	0	0	0.1563333333	0.4054333333	0.5055479452	0	0	0.0011111111
470	0	0	0	0	0.1556666667	0.4043666667	0.5047945205	0	0	0.0011111111
471	0	0	0	0	0.1546666667	0.4035666667	0.5037671233	0	0	0.0011111111
472	0	0	0	0	0.1546666667	0.4034333333	0.5028082192	0	0	0.0011111111
473	0	0	0	0	0.1543333333	0.4029666667	0.5016438356	0	0	0.0011111111
474	0	0	0	0	0.1543333333	0.4018666667	0.5004794521	0	0	0.0011111111
475	0	0	0	0	0.1536666667	0.4011666667	0.4995890411	0	0	0
476	0	0	0	0	0.152	0.4000333333	0.4984246575	0	0	0
477	0	0	0	0	0.1506666667	0.3988333333	0.4973287671	0	0	0
478	0	0	0	0	0.1493333333	0.3984666667	0.496369863	0	0	0
479	0	0	0	0	0.1476666667	0.3973333333	0.4953424658	0	0	0
480	0	0	0	0	0.1476666667	0.3968666667	0.4944520548	0	0	0
481	0	0	0	0	0.147	0.3959	0.4932876712	0	0	0
482	0	0	0	0	0.1456666667	0.3948	0.4921917808	0	0	0
483	0	0	0	0	0.1436666667	0.3938333333	0.4911643836	0	0	0
484	0	0	0	0	0.1416666667	0.3927333333	0.4900684932	0	0	0
485	0	0	0	0	0.1413333333	0.3922666667	0.4888356164	0	0	0
486	0	0	0	0	0.1396666667	0.3914	0.4876712329	0	0	0
487	0	0	0	0	0.1383333333	0.3909333333	0.4866438356	0	0	0
488	0	0	0	0	0.1376666667	0.3900333333	0.4856849315	0	0	0
489	0	0	0	0	0.1366666667	0.3888	0.4845890411	0	0	0
490	0	0	0	0	0.136	0.3874	0.4834931507	0	0	0
491	0	0	0	0	0.1336666667	0.3870333333	0.4823287671	0	0	0
492	0	0	0	0	0.133	0.3855666667	0.4814383562	0	0	0
493	0	0	0	0	0.1326666667	0.3846	0.4804109589	0	0	0
494	0	0	0	0	0.1323333333	0.3839666667	0.4794520548	0	0	0
495	0	0	0	0	0.131	0.3835	0.4784931507	0	0	0
496	0	0	0	0	0.1303333333	0.3829666667	0.4775342466	0	0	0
497	0	0	0	0	0.1293333333	0.3822	0.4763013699	0	0	0
498	0	0	0	0	0.129	0.3814333333	0.4752739726	0	0	0
499	0	0	0	0	0.1286666667	0.381	0.474109589	0	0	0
500	0	0	0	0	0.1286666667	0.3805	0.4730821918	0	0	0
501	0	0	0	0	0.1286666667	0.3803666667	0.4719863014	0	0	0
502	0	0	0	0	0.126	0.3796	0.470890411	0	0	0
503	0	0	0	0	0.126	0.3792	0.4699315068	0	0	0
504	0	0	0	0	0.1253333333	0.3791333333	0.4689041096	0	0	0
505	0	0	0	0	0.125	0.3785333333	0.4678082192	0	0	0
506	0	0	0	0	0.124	0.3776333333	0.4667123288	0	0	0
507	0	0	0	0	0.1236666667	0.3769333333	0.4655479452	0	0	0
508	0	0	0	0	0.123	0.3769333333	0.4645205479	0	0	0
509	0	0	0	0	0.122	0.3759666667	0.4634246575	0	0	0
510	0	0	0	0	0.121	0.3753333333	0.4623287671	0	0	0
511	0	0	0	0	0.1206666667	0.3744333333	0.461369863	0	0	0
512	0	0	0	0	0.1176666667	0.3736	0.4605479452	0	0	0
513	0	0	0	0	0.117	0.3733666667	0.4591780822	0	0	0
514	0	0	0	0	0.117	0.3731333333	0.4582191781	0	0	0
515	0	0	0	0	0.116	0.3731333333	0.4569863014	0	0	0
516	0	0	0	0	0.1146666667	0.3725	0.4559589041	0	0	0
517	0	0	0	0	0.114	0.3716333333	0.4547945205	0	0	0
518	0	0	0	0	0.1123333333	0.3707	0.4537671233	0	0	0
519	0	0	0	0	0.111	0.3701	0.452739726	0	0	0
520	0	0	0	0	0.1103333333	0.3687	0.4517808219	0	0	0
521	0	0	0	0	0.1096666667	0.3679666667	0.4504794521	0	0	0
522	0	0	0	0	0.109	0.3671666667	0.4495890411	0	0	0
523	0	0	0	0	0.1083333333	0.3667	0.4483561644	0	0	0
524	0	0	0	0	0.1066666667	0.3657	0.4475342466	0	0	0
525	0	0	0	0	0.1043333333	0.3642666667	0.446369863	0	0	0
526	0	0	0	0	0.1023333333	0.3639	0.4454794521	0	0	0
527	0	0	0	0	0.1006666667	0.3638333333	0.4446575342	0	0	0
528	0	0	0	0	0.0986666667	0.362	0.4435616438	0	0	0
529	0	0	0	0	0.0976666667	0.3612	0.442260274	0	0	0
530	0	0	0	0	0.097	0.3606666667	0.441369863	0	0	0
531	0	0	0	0	0.0963333333	0.3601333333	0.4402054795	0	0	0
532	0	0	0	0	0.096	0.3587666667	0.4393835616	0	0	0
533	0	0	0	0	0.095	0.358	0.4380821918	0	0	0
534	0	0	0	0	0.0943333333	0.3568666667	0.4370547945	0	0	0
535	0	0	0	0	0.094	0.3565	0.4362328767	0	0	0
536	0	0	0	0	0.0923333333	0.3565	0.435	0	0	0
537	0	0	0	0	0.0916666667	0.3564333333	0.4336986301	0	0	0
538	0	0	0	0	0.0896666667	0.3549666667	0.4328767123	0	0	0
539	0	0	0	0	0.0886666667	0.3537333333	0.4315753425	0	0	0
540	0	0	0	0	0.088	0.3537333333	0.4307534247	0	0	0
541	0	0	0	0	0.0863333333	0.3527666667	0.4295205479	0	0	0
542	0	0	0	0	0.0853333333	0.3527666667	0.4286986301	0	0	0
543	0	0	0	0	0.0833333333	0.3521666667	0.4276712329	0	0	0
544	0	0	0	0	0.0833333333	0.3511333333	0.4266438356	0	0	0
545	0	0	0	0	0.0826666667	0.3508	0.4254794521	0	0	0
546	0	0	0	0	0.082	0.3506	0.4243835616	0	0	0
547	0	0	0	0	0.0803333333	0.3502333333	0.4232191781	0	0	0
548	0	0	0	0	0.079	0.3489333333	0.422260274	0	0	0
549	0	0	0	0	0.0776666667	0.3475666667	0.4212328767	0	0	0
550	0	0	0	0	0.0766666667	0.3463	0.4202739726	0	0	0
551	0	0	0	0	0.0763333333	0.3450666667	0.4192465753	0	0	0
552	0	0	0	0	0.0756666667	0.3442666667	0.4182876712	0	0	0
553	0	0	0	0	0.075	0.3437	0.4170547945	0	0	0
554	0	0	0	0	0.073	0.3430666667	0.415890411	0	0	0
555	0	0	0	0	0.0726666667	0.3430666667	0.4146575342	0	0	0
556	0	0	0	0	0.0726666667	0.3428	0.4138356164	0	0	0
557	0	0	0	0	0.0716666667	0.3425	0.4126712329	0	0	0
558	0	0	0	0	0.0713333333	0.342	0.4116438356	0	0	0
559	0	0	0	0	0.07	0.3416333333	0.4106164384	0	0	0
560	0	0	0	0	0.0693333333	0.3403	0.4095890411	0	0	0
561	0	0	0	0	0.069	0.3398666667	0.4084931507	0	0	0
562	0	0	0	0	0.0683333333	0.3392666667	0.4076027397	0	0	0
563	0	0	0	0	0.068	0.3383333333	0.4064383562	0	0	0
564	0	0	0	0	0.066	0.3376	0.4054109589	0	0	0
565	0	0	0	0	0.065	0.3376	0.4041780822	0	0	0
566	0	0	0	0	0.0646666667	0.3360333333	0.4031506849	0	0	0
567	0	0	0	0	0.0643333333	0.3357	0.4020547945	0	0	0
568	0	0	0	0	0.0633333333	0.3343333333	0.4010958904	0	0	0
569	0	0	0	0	0.0626666667	0.3331333333	0.4	0	0	0
570	0	0	0	0	0.0623333333	0.3323666667	0.3992465753	0	0	0
571	0	0	0	0	0.062	0.3316333333	0.3978767123	0	0	0
572	0	0	0	0	0.0613333333	0.3308666667	0.3969178082	0	0	0
573	0	0	0	0	0.06	0.3306333333	0.3956849315	0	0	0
574	0	0	0	0	0.0593333333	0.3297	0.3947945205	0	0	0
575	0	0	0	0	0.0576666667	0.3291333333	0.3939726027	0	0	0
576	0	0	0	0	0.0576666667	0.329	0.3928082192	0	0	0
577	0	0	0	0	0.0573333333	0.3287666667	0.3918493151	0	0	0
578	0	0	0	0	0.057	0.3285	0.3908219178	0	0	0
579	0	0	0	0	0.056	0.3284666667	0.3894520548	0	0	0
580	0	0	0	0	0.0556666667	0.3284666667	0.3884931507	0	0	0
581	0	0	0	0	0.055	0.3277666667	0.3873287671	0	0	0
582	0	0	0	0	0.0546666667	0.3275	0.3863013699	0	0	0
583	0	0	0	0	0.054	0.3271333333	0.3852054795	0	0	0
584	0	0	0	0	0.053	0.3267	0.3842465753	0	0	0
585	0	0	0	0	0.052	0.3252666667	0.3830136986	0	0	0
586	0	0	0	0	0.0506666667	0.3249333333	0.3819178082	0	0	0
587	0	0	0	0	0.05	0.3242333333	0.3806164384	0	0	0
588	0	0	0	0	0.0483333333	0.3242333333	0.3797945205	0	0	0
589	0	0	0	0	0.0476666667	0.3239666667	0.3786986301	0	0	0
590	0	0	0	0	0.047	0.3231	0.3778767123	0	0	0
591	0	0	0	0	0.0466666667	0.3231	0.3767123288	0	0	0
592	0	0	0	0	0.0463333333	0.3224333333	0.3757534247	0	0	0
593	0	0	0	0	0.0453333333	0.3221666667	0.3745890411	0	0	0
594	0	0	0	0	0.045	0.3209	0.3736986301	0	0	0
595	0	0	0	0	0.0446666667	0.3206666667	0.3726712329	0	0	0
596	0	0	0	0	0.0443333333	0.3206	0.3717123288	0	0	0
597	0	0	0	0	0.0436666667	0.3205	0.3703424658	0	0	0
598	0	0	0	0	0.0426666667	0.3198	0.3693150685	0	0	0
599	0	0	0	0	0.0416666667	0.3189333333	0.3681506849	0	0	0
600	0	0	0	0	0.0406666667	0.3184666667	0.367260274	0	0	0
601	0	0	0	0	0.0406666667	0.3181666667	0.3661643836	0	0	0
602	0	0	0	0	0.04	0.3178333333	0.3651369863	0	0	0
603	0	0	0	0	0.0396666667	0.3151333333	0.3641780822	0	0	0
604	0	0	0	0	0.0396666667	0.3136333333	0.3632876712	0	0	0
605	0	0	0	0	0.0396666667	0.3123	0.3620547945	0	0	0
606	0	0	0	0	0.039	0.3113	0.3609589041	0	0	0
607	0	0	0	0	0.038	0.3108666667	0.36	0	0	0
608	0	0	0	0	0.0373333333	0.3102	0.3589726027	0	0	0
609	0	0	0	0	0.037	0.3096	0.3578082192	0	0	0
610	0	0	0	0	0.0363333333	0.3089666667	0.3566438356	0	0	0
611	0	0	0	0	0.0363333333	0.3086333333	0.3554794521	0	0	0
612	0	0	0	0	0.0353333333	0.3080333333	0.3547260274	0	0	0
613	0	0	0	0	0.035	0.3066	0.3534246575	0	0	0
614	0	0	0	0	0.035	0.3062	0.3526712329	0	0	0
615	0	0	0	0	0.0336666667	0.3056	0.3515068493	0	0	0
616	0	0	0	0	0.0336666667	0.3050666667	0.3506164384	0	0	0
617	0	0	0	0	0.0326666667	0.3047666667	0.3495890411	0	0	0
618	0	0	0	0	0.0326666667	0.3040666667	0.3485616438	0	0	0
619	0	0	0	0	0.0326666667	0.3040666667	0.3476027397	0	0	0
620	0	0	0	0	0.0323333333	0.3032333333	0.3466438356	0	0	0
621	0	0	0	0	0.0306666667	0.3026333333	0.3454794521	0	0	0
622	0	0	0	0	0.0303333333	0.3023333333	0.3444520548	0	0	0
623	0	0	0	0	0.0296666667	0.3014	0.3432191781	0	0	0
624	0	0	0	0	0.0293333333	0.3003333333	0.342260274	0	0	0
625	0	0	0	0	0.029	0.3003333333	0.3411643836	0	0	0
626	0	0	0	0	0.0283333333	0.2997666667	0.3402054795	0	0	0
627	0	0	0	0	0.028	0.2983	0.3389726027	0	0	0
628	0	0	0	0	0.027	0.2961666667	0.3380821918	0	0	0
629	0	0	0	0	0.026	0.2955333333	0.3369863014	0	0	0
630	0	0	0	0	0.0253333333	0.2952666667	0.3360273973	0	0	0
631	0	0	0	0	0.025	0.2939666667	0.3348630137	0	0	0
632	0	0	0	0	0.0246666667	0.2917333333	0.3338356164	0	0	0
633	0	0	0	0	0.0246666667	0.2906666667	0.3328767123	0	0	0
634	0	0	0	0	0.0243333333	0.2900666667	0.3317808219	0	0	0
635	0	0	0	0	0.024	0.2878333333	0.3305479452	0	0	0
636	0	0	0	0	0.024	0.2874333333	0.3297260274	0	0	0
637	0	0	0	0	0.0236666667	0.2870666667	0.3284931507	0	0	0
638	0	0	0	0	0.0236666667	0.2867666667	0.3274657534	0	0	0
639	0	0	0	0	0.0233333333	0.2865333333	0.326369863	0	0	0
640	0	0	0	0	0.0233333333	0.2855666667	0.3254794521	0	0	0
641	0	0	0	0	0.023	0.2830666667	0.3243150685	0	0	0
642	0	0	0	0	0.023	0.2823	0.3232191781	0	0	0
643	0	0	0	0	0.023	0.2807333333	0.3220547945	0	0	0
644	0	0	0	0	0.022	0.2789	0.3213013699	0	0	0
645	0	0	0	0	0.0216666667	0.2776666667	0.3202054795	0	0	0
646	0	0	0	0	0.0216666667	0.2768666667	0.3189726027	0	0	0
647	0	0	0	0	0.021	0.2753666667	0.3180821918	0	0	0
648	0	0	0	0	0.0206666667	0.2738	0.3171232877	0	0	0
649	0	0	0	0	0.02	0.2724333333	0.316369863	0	0	0
650	0	0	0	0	0.02	0.2714666667	0.3148630137	0	0	0
651	0	0	0	0	0.02	0.2708	0.3138356164	0	0	0
652	0	0	0	0	0.0193333333	0.2692666667	0.3130136986	0	0	0
653	0	0	0	0	0.0193333333	0.2680333333	0.3119178082	0	0	0
654	0	0	0	0	0.019	0.2667	0.3106164384	0	0	0
655	0	0	0	0	0.019	0.2654666667	0.3095205479	0	0	0
656	0	0	0	0	0.0186666667	0.2638333333	0.308630137	0	0	0
657	0	0	0	0	0.0186666667	0.2634	0.3074657534	0	0	0
658	0	0	0	0	0.0186666667	0.2625333333	0.3062328767	0	0	0
659	0	0	0	0	0.018	0.2617333333	0.3052054795	0	0	0
660	0	0	0	0	0.0176666667	0.2608	0.3041780822	0	0	0
661	0	0	0	0	0.0176666667	0.2603333333	0.3031506849	0	0	0
662	0	0	0	0	0.017	0.2597333333	0.3021917808	0	0	0
663	0	0	0	0	0.0163333333	0.2589	0.3010958904	0	0	0
664	0	0	0	0	0.0163333333	0.2587666667	0.3000684932	0	0	0
665	0	0	0	0	0.0163333333	0.2580666667	0.2989726027	0	0	0
666	0	0	0	0	0.0156666667	0.2576	0.2978767123	0	0	0
667	0	0	0	0	0.0153333333	0.2566333333	0.2967123288	0	0	0
668	0	0	0	0	0.0153333333	0.2558	0.2958219178	0	0	0
669	0	0	0	0	0.0153333333	0.2557333333	0.2947945205	0	0	0
670	0	0	0	0	0.0153333333	0.2550333333	0.2937671233	0	0	0
671	0	0	0	0	0.0143333333	0.2539333333	0.2924657534	0	0	0
672	0	0	0	0	0.0136666667	0.2527666667	0.2914383562	0	0	0
673	0	0	0	0	0.0136666667	0.2518	0.2903424658	0	0	0
674	0	0	0	0	0.013	0.2510666667	0.2893150685	0	0	0
675	0	0	0	0	0.0126666667	0.2494666667	0.2881506849	0	0	0
676	0	0	0	0	0.012	0.2481333333	0.287260274	0	0	0
677	0	0	0	0	0.0113333333	0.2478	0.2862328767	0	0	0
678	0	0	0	0	0.011	0.2469	0.285	0	0	0
679	0	0	0	0	0.0103333333	0.2461666667	0.2840410959	0	0	0
680	0	0	0	0	0.01	0.2456	0.2830136986	0	0	0
681	0	0	0	0	0.01	0.2453333333	0.2819863014	0	0	0
682	0	0	0	0	0.0093333333	0.2443	0.2810958904	0	0	0
683	0	0	0	0	0.0093333333	0.2443	0.2798630137	0	0	0
684	0	0	0	0	0.0093333333	0.2437333333	0.2789041096	0	0	0
685	0	0	0	0	0.0093333333	0.2435	0.2780136986	0	0	0
686	0	0	0	0	0.0093333333	0.2429333333	0.2770547945	0	0	0
687	0	0	0	0	0.0093333333	0.2422666667	0.2760273973	0	0	0
688	0	0	0	0	0.009	0.2417333333	0.2750684932	0	0	0
689	0	0	0	0	0.0083333333	0.2417	0.2737671233	0	0	0
690	0	0	0	0	0.0083333333	0.2415666667	0.272739726	0	0	0
691	0	0	0	0	0.0083333333	0.2412666667	0.2717123288	0	0	0
692	0	0	0	0	0.0083333333	0.2406	0.2709589041	0	0	0
693	0	0	0	0	0.0083333333	0.2392	0.2697945205	0	0	0
694	0	0	0	0	0.008	0.2391	0.2688356164	0	0	0
695	0	0	0	0	0.008	0.2388666667	0.2678082192	0	0	0
696	0	0	0	0	0.008	0.2385	0.2667123288	0	0	0
697	0	0	0	0	0.008	0.2378666667	0.2656849315	0	0	0
698	0	0	0	0	0.0076666667	0.2378666667	0.2645205479	0	0	0
699	0	0	0	0	0.0076666667	0.2373	0.2631506849	0	0	0
700	0	0	0	0	0.0073333333	0.2362333333	0.262260274	0	0	0
701	0	0	0	0	0.007	0.2348666667	0.2612328767	0	0	0
702	0	0	0	0	0.007	0.2344	0.2602739726	0	0	0
703	0	0	0	0	0.0066666667	0.2343333333	0.2592465753	0	0	0
704	0	0	0	0	0.0063333333	0.2339666667	0.2581506849	0	0	0
705	0	0	0	0	0.0063333333	0.2339333333	0.2571232877	0	0	0
706	0	0	0	0	0.0056666667	0.2326333333	0.2559589041	0	0	0
707	0	0	0	0	0.0056666667	0.2318	0.2547945205	0	0	0
708	0	0	0	0	0.0056666667	0.2315	0.2539041096	0	0	0
709	0	0	0	0	0.0056666667	0.2309666667	0.252739726	0	0	0
710	0	0	0	0	0.0056666667	0.2309666667	0.2517808219	0	0	0
711	0	0	0	0	0.0056666667	0.2305333333	0.2507534247	0	0	0
712	0	0	0	0	0.0053333333	0.2298333333	0.2496575342	0	0	0
713	0	0	0	0	0.005	0.2296666667	0.248630137	0	0	0
714	0	0	0	0	0.0046666667	0.2290666667	0.2476712329	0	0	0
715	0	0	0	0	0.0046666667	0.2287	0.2462328767	0	0	0
716	0	0	0	0	0.0043333333	0.2285666667	0.2452739726	0	0	0
717	0	0	0	0	0.0043333333	0.2284	0.2441780822	0	0	0
718	0	0	0	0	0.0043333333	0.2274333333	0.2432191781	0	0	0
719	0	0	0	0	0.004	0.2274	0.242260274	0	0	0
720	0	0	0	0	0.004	0.2274	0.2412328767	0	0	0
721	0	0	0	0	0.004	0.2272	0.2401369863	0	0	0
722	0	0	0	0	0.004	0.2268	0.2391780822	0	0	0
723	0	0	0	0	0.004	0.2262	0.2379452055	0	0	0
724	0	0	0	0	0.0036666667	0.2259333333	0.2369863014	0	0	0
725	0	0	0	0	0.0036666667	0.2256666667	0.235890411	0	0	0
726	0	0	0	0	0.0033333333	0.2249666667	0.2349315068	0	0	0
727	0	0	0	0	0.0033333333	0.2246	0.2339041096	0	0	0
728	0	0	0	0	0.0033333333	0.2242666667	0.2328082192	0	0	0
729	0	0	0	0	0.0033333333	0.2237	0.2315753425	0	0	0
730	0	0	0	0	0.0033333333	0.2233666667	0.2305479452	0	0	0
731	0	0	0	0	0.0033333333	0.2232666667	0.2291780822	0	0	0
732	0	0	0	0	0.003	0.2229333333	0.2283561644	0	0	0
733	0	0	0	0	0.003	0.2222	0.2273287671	0	0	0
734	0	0	0	0	0.003	0.2218333333	0.2265068493	0	0	0
735	0	0	0	0	0.003	0.2205	0.2253424658	0	0	0
736	0	0	0	0	0.003	0.2198333333	0.2244520548	0	0	0
737	0	0	0	0	0.003	0.2192	0.2233561644	0	0	0
738	0	0	0	0	0.003	0.2183666667	0.2221917808	0	0	0
739	0	0	0	0	0.0026666667	0.2178333333	0.220890411	0	0	0
740	0	0	0	0	0.0026666667	0.2178333333	0.2199315068	0	0	0
741	0	0	0	0	0.0023333333	0.2167	0.2189041096	0	0	0
742	0	0	0	0	0.002	0.2163333333	0.2178767123	0	0	0
743	0	0	0	0	0.0016666667	0.2162666667	0.2167808219	0	0	0
744	0	0	0	0	0.0013333333	0.216	0.2157534247	0	0	0
745	0	0	0	0	0.001	0.2144333333	0.2145205479	0	0	0
746	0	0	0	0	0.001	0.2142	0.213630137	0	0	0
747	0	0	0	0	0.0006666667	0.2137666667	0.2126712329	0	0	0
748	0	0	0	0	0.0003333333	0.2134	0.2117123288	0	0	0
749	0	0	0	0	0	0.2131333333	0.2106849315	0	0	0
750	0	0	0	0	0	0.2126	0.2096575342	0	0	0
751	0	0	0	0	0	0.2117666667	0.2086986301	0	0	0
752	0	0	0	0	0	0.2106	0.2076027397	0	0	0
753	0	0	0	0	0	0.2095666667	0.2064383562	0	0	0
754	0	0	0	0	0	0.2087	0.2052739726	0	0	0
755	0	0	0	0	0	0.2076666667	0.2040410959	0	0	0
756	0	0	0	0	0	0.2069666667	0.2031506849	0	0	0
757	0	0	0	0	0	0.2063666667	0.2021232877	0	0	0
758	0	0	0	0	0	0.2062	0.2010958904	0	0	0
759	0	0	0	0	0	0.2059666667	0.2000684932	0	0	0
760	0	0	0	0	0	0.2050666667	0.1989726027	0	0	0
761	0	0	0	0	0	0.2042333333	0.1979452055	0	0	0
762	0	0	0	0	0	0.2031333333	0.1969863014	0	0	0
763	0	0	0	0	0	0.2028666667	0.195890411	0	0	0
764	0	0	0	0	0	0.2028666667	0.1949315068	0	0	0
765	0	0	0	0	0	0.2026333333	0.1938356164	0	0	0
766	0	0	0	0	0	0.2024666667	0.1929452055	0	0	0
767	0	0	0	0	0	0.2019333333	0.1918493151	0	0	0
768	0	0	0	0	0	0.2016	0.1907534247	0	0	0
769	0	0	0	0	0	0.2015333333	0.1895205479	0	0	0
770	0	0	0	0	0	0.201	0.1884246575	0	0	0
771	0	0	0	0	0	0.2004666667	0.1873972603	0	0	0
772	0	0	0	0	0	0.2001666667	0.1865753425	0	0	0
773	0	0	0	0	0	0.1994666667	0.1856164384	0	0	0
774	0	0	0	0	0	0.1986333333	0.1845890411	0	0	0
775	0	0	0	0	0	0.1979666667	0.183630137	0	0	0
776	0	0	0	0	0	0.1966666667	0.182260274	0	0	0
777	0	0	0	0	0	0.1962666667	0.1811643836	0	0	0
778	0	0	0	0	0	0.1960333333	0.1802739726	0	0	0
779	0	0	0	0	0	0.1958333333	0.1792465753	0	0	0
780	0	0	0	0	0	0.1951333333	0.1782191781	0	0	0
781	0	0	0	0	0	0.1951	0.1771917808	0	0	0
782	0	0	0	0	0	0.1949	0.1761643836	0	0	0
783	0	0	0	0	0	0.1946666667	0.1750684932	0	0	0
784	0	0	0	0	0	0.1940666667	0.1739726027	0	0	0
785	0	0	0	0	0	0.1933333333	0.1728767123	0	0	0
786	0	0	0	0	0	0.1930333333	0.1718493151	0	0	0
787	0	0	0	0	0	0.1925333333	0.1708219178	0	0	0
788	0	0	0	0	0	0.1919333333	0.1699315068	0	0	0
789	0	0	0	0	0	0.1912333333	0.1687671233	0	0	0
790	0	0	0	0	0	0.1909666667	0.1676027397	0	0	0
791	0	0	0	0	0	0.1906333333	0.1667123288	0	0	0
792	0	0	0	0	0	0.1901	0.1657534247	0	0	0
793	0	0	0	0	0	0.1896	0.1647945205	0	0	0
794	0	0	0	0	0	0.1882666667	0.1638356164	0	0	0
795	0	0	0	0	0	0.1872333333	0.1626027397	0	0	0
796	0	0	0	0	0	0.1863	0.1616438356	0	0	0
797	0	0	0	0	0	0.1852666667	0.1605479452	0	0	0
798	0	0	0	0	0	0.1842333333	0.1595890411	0	0	0
799	0	0	0	0	0	0.1838	0.1582876712	0	0	0
800	0	0	0	0	0	0.1831	0.1571917808	0	0	0
801	0	0	0	0	0	0.1824	0.1560958904	0	0	0
802	0	0	0	0	0	0.1824	0.1551369863	0	0	0
803	0	0	0	0	0	0.1813333333	0.1538356164	0	0	0
804	0	0	0	0	0	0.1811	0.1530136986	0	0	0
805	0	0	0	0	0	0.1809666667	0.1521917808	0	0	0
806	0	0	0	0	0	0.1809	0.1509589041	0	0	0
807	0	0	0	0	0	0.1800666667	0.1497945205	0	0	0
808	0	0	0	0	0	0.1799333333	0.1487671233	0	0	0
809	0	0	0	0	0	0.1785333333	0.1476712329	0	0	0
810	0	0	0	0	0	0.1780666667	0.1468493151	0	0	0
811	0	0	0	0	0	0.1768666667	0.1455479452	0	0	0
812	0	0	0	0	0	0.1768666667	0.1448630137	0	0	0
813	0	0	0	0	0	0.1763666667	0.1438356164	0	0	0
814	0	0	0	0	0	0.1759666667	0.1426027397	0	0	0
815	0	0	0	0	0	0.1751	0.1415068493	0	0	0
816	0	0	0	0	0	0.1742	0.1405479452	0	0	0
817	0	0	0	0	0	0.1721333333	0.1394520548	0	0	0
818	0	0	0	0	0	0.1702666667	0.138630137	0	0	0
819	0	0	0	0	0	0.1699666667	0.1374657534	0	0	0
820	0	0	0	0	0	0.1695666667	0.1365753425	0	0	0
821	0	0	0	0	0	0.1687333333	0.1355479452	0	0	0
822	0	0	0	0	0	0.1681666667	0.1343835616	0	0	0
823	0	0	0	0	0	0.1665666667	0.1332191781	0	0	0
824	0	0	0	0	0	0.1657666667	0.1321917808	0	0	0
825	0	0	0	0	0	0.1650666667	0.1309589041	0	0	0
826	0	0	0	0	0	0.1646666667	0.1300684932	0	0	0
827	0	0	0	0	0	0.1638	0.1289041096	0	0	0
828	0	0	0	0	0	0.1628333333	0.1280136986	0	0	0
829	0	0	0	0	0	0.1625333333	0.1268493151	0	0	0
830	0	0	0	0	0	0.1616	0.1260273973	0	0	0
831	0	0	0	0	0	0.1609666667	0.1246575342	0	0	0
832	0	0	0	0	0	0.1585666667	0.1239041096	0	0	0
833	0	0	0	0	0	0.1575	0.1228767123	0	0	0
834	0	0	0	0	0	0.1571666667	0.1218493151	0	0	0
835	0	0	0	0	0	0.1561	0.1206849315	0	0	0
836	0	0	0	0	0	0.1552	0.1196575342	0	0	0
837	0	0	0	0	0	0.1549333333	0.1185616438	0	0	0
838	0	0	0	0	0	0.1543	0.117739726	0	0	0
839	0	0	0	0	0	0.1534666667	0.1165068493	0	0	0
840	0	0	0	0	0	0.1531333333	0.1156849315	0	0	0
841	0	0	0	0	0	0.1529333333	0.1143835616	0	0	0
842	0	0	0	0	0	0.1527666667	0.1133561644	0	0	0
843	0	0	0	0	0	0.1522333333	0.112260274	0	0	0
844	0	0	0	0	0	0.1517	0.1112328767	0	0	0
845	0	0	0	0	0	0.1506666667	0.1102054795	0	0	0
846	0	0	0	0	0	0.1496	0.1092465753	0	0	0
847	0	0	0	0	0	0.1488666667	0.1079452055	0	0	0
848	0	0	0	0	0	0.1477	0.1069863014	0	0	0
849	0	0	0	0	0	0.1465333333	0.1059589041	0	0	0
850	0	0	0	0	0	0.1458333333	0.1047260274	0	0	0
851	0	0	0	0	0	0.1449333333	0.1034931507	0	0	0
852	0	0	0	0	0	0.1439	0.102739726	0	0	0
853	0	0	0	0	0	0.1423333333	0.1015068493	0	0	0
854	0	0	0	0	0	0.1407666667	0.1006164384	0	0	0
855	0	0	0	0	0	0.1404	0.0993150685	0	0	0
856	0	0	0	0	0	0.14	0.0983561644	0	0	0
857	0	0	0	0	0	0.1398	0.097260274	0	0	0
858	0	0	0	0	0	0.1392333333	0.0962328767	0	0	0
859	0	0	0	0	0	0.1388	0.095	0	0	0
860	0	0	0	0	0	0.1383333333	0.0941780822	0	0	0
861	0	0	0	0	0	0.1379	0.0931506849	0	0	0
862	0	0	0	0	0	0.1372666667	0.0921232877	0	0	0
863	0	0	0	0	0	0.1365666667	0.0906849315	0	0	0
864	0	0	0	0	0	0.1360666667	0.0897945205	0	0	0
865	0	0	0	0	0	0.1351333333	0.0888356164	0	0	0
866	0	0	0	0	0	0.1341666667	0.0878082192	0	0	0
867	0	0	0	0	0	0.134	0.0866438356	0	0	0
868	0	0	0	0	0	0.1337	0.085890411	0	0	0
869	0	0	0	0	0	0.1335	0.0848630137	0	0	0
870	0	0	0	0	0	0.1323333333	0.0836986301	0	0	0
871	0	0	0	0	0	0.1314	0.0823287671	0	0	0
872	0	0	0	0	0	0.1304666667	0.0813013699	0	0	0
873	0	0	0	0	0	0.129	0.0804109589	0	0	0
874	0	0	0	0	0	0.1283333333	0.0794520548	0	0	0
875	0	0	0	0	0	0.1280333333	0.0782191781	0	0	0
876	0	0	0	0	0	0.1273333333	0.0773972603	0	0	0
877	0	0	0	0	0	0.1273333333	0.0765068493	0	0	0
878	0	0	0	0	0	0.1269666667	0.0753424658	0	0	0
879	0	0	0	0	0	0.1264333333	0.0740410959	0	0	0
880	0	0	0	0	0	0.1261	0.0732191781	0	0	0
881	0	0	0	0	0	0.1259	0.0721917808	0	0	0
882	0	0	0	0	0	0.1256333333	0.0711643836	0	0	0
883	0	0	0	0	0	0.1249	0.07	0	0	0
884	0	0	0	0	0	0.1240666667	0.069109589	0	0	0
885	0	0	0	0	0	0.1233	0.0680821918	0	0	0
886	0	0	0	0	0	0.1231333333	0.0667808219	0	0	0
887	0	0	0	0	0	0.1222	0.0656849315	0	0	0
888	0	0	0	0	0	0.122	0.0647260274	0	0	0
889	0	0	0	0	0	0.1216333333	0.063630137	0	0	0
890	0	0	0	0	0	0.1208333333	0.062739726	0	0	0
891	0	0	0	0	0	0.1200666667	0.0617123288	0	0	0
892	0	0	0	0	0	0.1197	0.060890411	0	0	0
893	0	0	0	0	0	0.1192	0.0597260274	0	0	0
894	0	0	0	0	0	0.1189	0.0585616438	0	0	0
895	0	0	0	0	0	0.1183333333	0.0573287671	0	0	0
896	0	0	0	0	0	0.1178333333	0.0562328767	0	0	0
897	0	0	0	0	0	0.1175666667	0.0552054795	0	0	0
898	0	0	0	0	0	0.1168333333	0.0541780822	0	0	0
899	0	0	0	0	0	0.1159333333	0.0530136986	0	0	0
900	0	0	0	0	0	0.1150666667	0.0521232877	0	0	0
901	0	0	0	0	0	0.1143666667	0.0510958904	0	0	0
902	0	0	0	0	0	0.1140333333	0.0501369863	0	0	0
903	0	0	0	0	0	0.1137333333	0.0489726027	0	0	0
904	0	0	0	0	0	0.1133	0.0479452055	0	0	0
905	0	0	0	0	0	0.1129	0.0469863014	0	0	0
906	0	0	0	0	0	0.1122333333	0.0459589041	0	0	0
907	0	0	0	0	0	0.1117333333	0.0448630137	0	0	0
908	0	0	0	0	0	0.1112	0.0439041096	0	0	0
909	0	0	0	0	0	0.111	0.0429452055	0	0	0
910	0	0	0	0	0	0.1106666667	0.0418493151	0	0	0
911	0	0	0	0	0	0.1097	0.0406849315	0	0	0
912	0	0	0	0	0	0.1091	0.0396575342	0	0	0
913	0	0	0	0	0	0.1086333333	0.038630137	0	0	0
914	0	0	0	0	0	0.1079333333	0.0376027397	0	0	0
915	0	0	0	0	0	0.1075333333	0.0364383562	0	0	0
916	0	0	0	0	0	0.1072666667	0.0356164384	0	0	0
917	0	0	0	0	0	0.1070666667	0.0345205479	0	0	0
918	0	0	0	0	0	0.1069666667	0.0334931507	0	0	0
919	0	0	0	0	0	0.1064	0.0323287671	0	0	0
920	0	0	0	0	0	0.1060666667	0.0312328767	0	0	0
921	0	0	0	0	0	0.1054666667	0.0301369863	0	0	0
922	0	0	0	0	0	0.1048	0.029109589	0	0	0
923	0	0	0	0	0	0.1047333333	0.0280136986	0	0	0
924	0	0	0	0	0	0.1041666667	0.0270547945	0	0	0
925	0	0	0	0	0	0.1036666667	0.0257534247	0	0	0
926	0	0	0	0	0	0.1036333333	0.0247260274	0	0	0
927	0	0	0	0	0	0.1031666667	0.0236986301	0	0	0
928	0	0	0	0	0	0.1027333333	0.022739726	0	0	0
929	0	0	0	0	0	0.1024666667	0.0217123288	0	0	0
930	0	0	0	0	0	0.1012666667	0.0206849315	0	0	0
931	0	0	0	0	0	0.1009666667	0.0196575342	0	0	0
932	0	0	0	0	0	0.1006333333	0.0188356164	0	0	0
933	0	0	0	0	0	0.1005666667	0.0175342466	0	0	0
934	0	0	0	0	0	0.1004666667	0.0167123288	0	0	0
935	0	0	0	0	0	0.0989	0.0154794521	0	0	0
936	0	0	0	0	0	0.0985666667	0.0145205479	0	0	0
937	0	0	0	0	0	0.0971666667	0.013630137	0	0	0
938	0	0	0	0	0	0.0969666667	0.0124657534	0	0	0
939	0	0	0	0	0	0.0965	0.0114383562	0	0	0
940	0	0	0	0	0	0.0962	0.0106849315	0	0	0
941	0	0	0	0	0	0.0959	0.0093835616	0	0	0
942	0	0	0	0	0	0.0956666667	0.0085616438	0	0	0
943	0	0	0	0	0	0.0950333333	0.0075342466	0	0	0
944	0	0	0	0	0	0.0938666667	0.0068493151	0	0	0
945	0	0	0	0	0	0.0933666667	0.005890411	0	0	0
946	0	0	0	0	0	0.0929666667	0.0049315068	0	0	0
947	0	0	0	0	0	0.092	0.0040410959	0	0	0
948	0	0	0	0	0	0.0916333333	0.0032191781	0	0	0
949	0	0	0	0	0	0.0908	0.0023972603	0	0	0
950	0	0	0	0	0	0.0899333333	0.0017123288	0	0	0
951	0	0	0	0	0	0.0894	0.0010958904	0	0	0
952	0	0	0	0	0	0.0894	0.0008219178	0	0	0
953	0	0	0	0	0	0.0887333333	0.0004794521	0	0	0
954	0	0	0	0	0	0.0887333333	0.0002739726	0	0	0
955	0	0	0	0	0	0.0883333333	0.0001369863	0	0	0
956	0	0	0	0	0	0.0874333333	6.84931506849315E-05	0	0	0
957	0	0	0	0	0	0.0868666667	0	0	0	0
958	0	0	0	0	0	0.0866333333	0	0	0	0
959	0	0	0	0	0	0.0863	0	0	0	0
960	0	0	0	0	0	0.0860333333	0	0	0	0
961	0	0	0	0	0	0.0856666667	0	0	0	0
962	0	0	0	0	0	0.0854	0	0	0	0
963	0	0	0	0	0	0.0848	0	0	0	0
964	0	0	0	0	0	0.0846666667	0	0	0	0
965	0	0	0	0	0	0.0840666667	0	0	0	0
966	0	0	0	0	0	0.0834	0	0	0	0
967	0	0	0	0	0	0.0828333333	0	0	0	0
968	0	0	0	0	0	0.0824333333	0	0	0	0
969	0	0	0	0	0	0.0819333333	0	0	0	0
970	0	0	0	0	0	0.0818	0	0	0	0
971	0	0	0	0	0	0.0813333333	0	0	0	0
972	0	0	0	0	0	0.0810333333	0	0	0	0
973	0	0	0	0	0	0.0806	0	0	0	0
974	0	0	0	0	0	0.0798333333	0	0	0	0
975	0	0	0	0	0	0.0792666667	0	0	0	0
976	0	0	0	0	0	0.0786666667	0	0	0	0
977	0	0	0	0	0	0.0785333333	0	0	0	0
978	0	0	0	0	0	0.0783	0	0	0	0
979	0	0	0	0	0	0.0781	0	0	0	0
980	0	0	0	0	0	0.077	0	0	0	0
981	0	0	0	0	0	0.0767333333	0	0	0	0
982	0	0	0	0	0	0.0764666667	0	0	0	0
983	0	0	0	0	0	0.0763333333	0	0	0	0
984	0	0	0	0	0	0.0761666667	0	0	0	0
985	0	0	0	0	0	0.0761333333	0	0	0	0
986	0	0	0	0	0	0.0751666667	0	0	0	0
987	0	0	0	0	0	0.0749333333	0	0	0	0
988	0	0	0	0	0	0.0740666667	0	0	0	0
989	0	0	0	0	0	0.0736666667	0	0	0	0
990	0	0	0	0	0	0.0730333333	0	0	0	0
991	0	0	0	0	0	0.0729	0	0	0	0
992	0	0	0	0	0	0.0721666667	0	0	0	0
993	0	0	0	0	0	0.0703666667	0	0	0	0
994	0	0	0	0	0	0.0698	0	0	0	0
995	0	0	0	0	0	0.0696	0	0	0	0
996	0	0	0	0	0	0.0693333333	0	0	0	0
997	0	0	0	0	0	0.0688333333	0	0	0	0
998	0	0	0	0	0	0.0684	0	0	0	0
999	0	0	0	0	0	0.0683666667	0	0	0	0
1000	0	0	0	0	0	0.0681	0	0	0	0

